pextARX=[0.024178, 0.000000, -0.024178, 0.033262;
0.051515, 0.000000, -0.051515, 0.058680;
0.051515, 0.000000, -0.051515, 0.055176;
-0.059597, 0.000000, 0.059597, -0.097056;
-0.031375, 0.000000, 0.031375, -0.015936;
-0.031375, 0.000000, 0.031375, -0.082439;
-0.059597, 0.000000, 0.059597, -0.058684;
0.024178, 0.000000, -0.024178, 0.071812;
0.024178, 0.000000, -0.024178, 0.038601;
-0.059597, 0.000000, 0.059597, -0.050211;
-0.088125, 0.000000, 0.088125, -0.099042;
-0.059597, 0.000000, 0.059597, -0.094332;
-0.088125, 0.000000, 0.088125, -0.130694;
-0.088125, 0.000000, 0.088125, -0.061731;
-0.031375, 0.000000, 0.031375, 0.025420;
-0.031375, 0.000000, 0.031375, 0.006745;
-0.059597, 0.000000, 0.059597, -0.039992;
-0.088125, 0.000000, 0.088125, -0.112338;
-0.088125, 0.000000, 0.088125, -0.121021;
-0.088125, 0.000000, 0.088125, -0.111348;
-0.088125, 0.000000, 0.088125, -0.066231;
-0.116965, 0.000000, 0.116965, -0.082138;
-0.088125, 0.000000, 0.088125, -0.031165;
-0.059597, 0.000000, 0.059597, -0.048109;
-0.003450, 0.000000, 0.003450, 0.015092;
0.024178, 0.000000, -0.024178, 0.021699;
-0.059597, 0.000000, 0.059597, -0.075125;
-0.059597, 0.000000, 0.059597, -0.034930;
0.024178, 0.000000, -0.024178, 0.034363;
0.051515, 0.000000, -0.051515, 0.053628;
0.024178, 0.000000, -0.024178, 0.038562;
0.051515, 0.000000, -0.051515, 0.082087;
0.105339, 0.000000, -0.105339, 0.110289;
0.051515, 0.000000, -0.051515, 0.013322;
-0.059597, 0.000000, 0.059597, -0.101820;
-0.003450, 0.000000, 0.003450, 0.000339;
-0.059597, 0.000000, 0.059597, -0.123045;
-0.088125, 0.000000, 0.088125, -0.058526;
-0.088125, 0.000000, 0.088125, -0.077830;
-0.088125, 0.000000, 0.088125, -0.061786;
-0.116965, 0.000000, 0.116965, -0.120499;
-0.088125, 0.000000, 0.088125, -0.068472;
-0.003450, 0.000000, 0.003450, 0.016462;
-0.059597, 0.000000, 0.059597, -0.069878;
-0.088125, 0.000000, 0.088125, -0.050132;
0.024178, 0.000000, -0.024178, 0.062915;
0.051515, 0.000000, -0.051515, 0.040097;
0.024178, 0.000000, -0.024178, 0.035407;
0.105339, 0.000000, -0.105339, 0.143009;
0.078569, 0.000000, -0.078569, 0.047691;
-0.031375, 0.000000, 0.031375, -0.059290;
-0.003450, 0.000000, 0.003450, -0.009916;
-0.003450, 0.000000, 0.003450, -0.051613;
-0.031375, 0.000000, 0.031375, -0.032559;
-0.088125, 0.000000, 0.088125, -0.087303;
-0.088125, 0.000000, 0.088125, -0.057360;
-0.059597, 0.000000, 0.059597, -0.054545;
-0.088125, 0.000000, 0.088125, -0.100153;
-0.116965, 0.000000, 0.116965, -0.116541;
-0.116965, 0.000000, 0.116965, -0.111457;
-0.116965, 0.000000, 0.116965, -0.107996;
-0.088125, 0.000000, 0.088125, -0.057338;
-0.003450, 0.000000, 0.003450, 0.046838;
0.078569, 0.000000, -0.078569, 0.126517;
-0.003450, 0.000000, 0.003450, -0.011823;
-0.088125, 0.000000, 0.088125, -0.095722;
-0.003450, 0.000000, 0.003450, -0.016054;
0.078569, 0.000000, -0.078569, 0.048606;
0.051515, 0.000000, -0.051515, 0.059204;
0.105339, 0.000000, -0.105339, 0.188382;
0.184011, 0.000000, -0.184011, 0.228925;
0.209697, 0.000000, -0.209697, 0.212328;
0.235131, 0.000000, -0.235131, 0.207131;
0.285224, 0.000000, -0.285224, 0.246328;
0.285224, 0.000000, -0.285224, 0.238495;
0.285224, 0.000000, -0.285224, 0.274473;
0.309895, 0.000000, -0.309895, 0.302958;
0.260302, 0.000000, -0.260302, 0.214911;
0.235131, 0.000000, -0.235131, 0.194242;
0.358506, 0.000000, -0.358506, 0.337779;
0.309895, 0.000000, -0.309895, 0.223797;
0.131834, 0.000000, -0.131834, 0.080115;
0.209697, 0.000000, -0.209697, 0.221417;
0.078569, 0.000000, -0.078569, -0.061661;
-0.059597, 0.000000, 0.059597, -0.105881;
0.051515, 0.000000, -0.051515, 0.044046;
0.105339, 0.000000, -0.105339, 0.090099;
0.131834, 0.000000, -0.131834, 0.192286;
0.131834, 0.000000, -0.131834, 0.169407;
0.209697, 0.000000, -0.209697, 0.242892;
0.158056, 0.000000, -0.158056, 0.068272;
0.051515, 0.000000, -0.051515, -0.030463;
0.105339, 0.000000, -0.105339, 0.065596;
0.105339, 0.000000, -0.105339, 0.059709;
0.051515, 0.000000, -0.051515, 0.070689;
0.209697, 0.000000, -0.209697, 0.304870;
0.285224, 0.000000, -0.285224, 0.286048;
0.184011, 0.000000, -0.184011, 0.150186;
0.309895, 0.000000, -0.309895, 0.323651;
0.429651, 0.000000, -0.429651, 0.361700;
0.309895, 0.000000, -0.309895, 0.235055;
0.235131, 0.000000, -0.235131, 0.220644;
0.260302, 0.000000, -0.260302, 0.219360;
0.184011, 0.000000, -0.184011, 0.087056;
0.078569, 0.000000, -0.078569, 0.003532;
0.078569, 0.000000, -0.078569, 0.039946;
0.078569, 0.000000, -0.078569, 0.045929;
0.024178, 0.000000, -0.024178, 0.015423;
0.105339, 0.000000, -0.105339, 0.156207;
0.105339, 0.000000, -0.105339, 0.081006;
0.131834, 0.000000, -0.131834, 0.149080;
0.209697, 0.000000, -0.209697, 0.197872;
0.285224, 0.000000, -0.285224, 0.284351;
0.184011, 0.000000, -0.184011, 0.126853;
0.184011, 0.000000, -0.184011, 0.193370;
0.285224, 0.000000, -0.285224, 0.251702;
0.285224, 0.000000, -0.285224, 0.234201;
0.235131, 0.000000, -0.235131, 0.207547;
0.285224, 0.000000, -0.285224, 0.289192;
0.158056, 0.000000, -0.158056, 0.061066;
0.131834, 0.000000, -0.131834, 0.110777;
0.051515, 0.000000, -0.051515, -0.063822;
-0.059597, 0.000000, 0.059597, -0.118457;
-0.088125, 0.000000, 0.088125, -0.118287;
-0.116965, 0.000000, 0.116965, -0.125500;
-0.088125, 0.000000, 0.088125, -0.047870;
-0.088125, 0.000000, 0.088125, -0.067758;
-0.088125, 0.000000, 0.088125, -0.059505;
-0.088125, 0.000000, 0.088125, -0.091481;
-0.088125, 0.000000, 0.088125, -0.097273;
-0.116965, 0.000000, 0.116965, -0.136212;
-0.116965, 0.000000, 0.116965, -0.103133;
-0.088125, 0.000000, 0.088125, -0.063619;
-0.003450, 0.000000, 0.003450, 0.053297;
-0.003450, 0.000000, 0.003450, 0.013720;
0.024178, 0.000000, -0.024178, 0.067712;
0.024178, 0.000000, -0.024178, 0.005317;
0.078569, 0.000000, -0.078569, 0.085685;
-0.003450, 0.000000, 0.003450, -0.067873;
-0.059597, 0.000000, 0.059597, -0.056586;
-0.088125, 0.000000, 0.088125, -0.115992;
-0.088125, 0.000000, 0.088125, -0.084449;
-0.088125, 0.000000, 0.088125, -0.086363;
-0.088125, 0.000000, 0.088125, -0.061745;
0.078569, 0.000000, -0.078569, 0.163902;
0.358506, 0.000000, -0.358506, 0.459268;
0.406168, 0.000000, -0.406168, 0.440457;
0.358506, 0.000000, -0.358506, 0.390791;
0.587846, 0.000000, -0.587846, 0.618993;
0.776551, 0.000000, -0.776551, 0.691650;
0.894062, 0.000000, -0.894062, 0.867300;
0.987357, 0.000000, -0.987357, 0.976085;
1.023565, 0.000000, -1.023565, 0.993174;
0.969022, 0.000000, -0.969022, 0.850692;
0.836090, 0.000000, -0.836090, 0.630173;
0.735952, 0.000000, -0.735952, 0.505855;
0.543721, 0.000000, -0.543721, 0.291121;
0.521344, 0.000000, -0.521344, 0.429533;
0.475939, 0.000000, -0.475939, 0.387950;
0.260302, 0.000000, -0.260302, 0.193347;
0.334322, 0.000000, -0.334322, 0.348541;
0.475939, 0.000000, -0.475939, 0.390762;
0.429651, 0.000000, -0.429651, 0.334615;
0.521344, 0.000000, -0.521344, 0.532074;
0.609598, 0.000000, -0.609598, 0.579018;
0.521344, 0.000000, -0.521344, 0.455115;
0.429651, 0.000000, -0.429651, 0.340860;
0.631147, 0.000000, -0.631147, 0.582395;
0.694607, 0.000000, -0.694607, 0.556130;
0.587846, 0.000000, -0.587846, 0.528801;
0.543721, 0.000000, -0.543721, 0.509329;
0.587846, 0.000000, -0.587846, 0.523980;
0.587846, 0.000000, -0.587846, 0.461806;
0.498749, 0.000000, -0.498749, 0.361585;
0.452908, 0.000000, -0.452908, 0.357066;
0.452908, 0.000000, -0.452908, 0.375299;
0.429651, 0.000000, -0.429651, 0.365350;
0.475939, 0.000000, -0.475939, 0.452661;
0.452908, 0.000000, -0.452908, 0.379799;
0.452908, 0.000000, -0.452908, 0.404568;
0.543721, 0.000000, -0.543721, 0.487888;
0.543721, 0.000000, -0.543721, 0.455929;
0.475939, 0.000000, -0.475939, 0.404409;
0.358506, 0.000000, -0.358506, 0.255633;
0.429651, 0.000000, -0.429651, 0.380900;
0.565887, 0.000000, -0.565887, 0.495122;
0.543721, 0.000000, -0.543721, 0.485998;
0.521344, 0.000000, -0.521344, 0.514857;
0.521344, 0.000000, -0.521344, 0.468467;
0.521344, 0.000000, -0.521344, 0.424658;
0.498749, 0.000000, -0.498749, 0.369442;
0.406168, 0.000000, -0.406168, 0.275017;
0.406168, 0.000000, -0.406168, 0.349567;
