stairSUB=[-0.003450, 0.000000, 0.003450, -0.007976;
-0.059597, 0.000000, 0.059597, -0.132599;
-0.088125, 0.000000, 0.088125, -0.113473;
0.078569, 0.000000, -0.078569, 0.323978;
-0.031375, 0.000000, 0.031375, -0.200473;
0.024178, 0.000000, -0.024178, 0.048041;
0.024178, 0.000000, -0.024178, 0.065722;
-0.003450, 0.000000, 0.003450, -0.050983;
-0.059597, 0.000000, 0.059597, -0.138657;
-0.059597, 0.000000, 0.059597, -0.034818;
-0.003450, 0.000000, 0.003450, 0.092221;
-0.031375, 0.000000, 0.031375, -0.086008;
-0.059597, 0.000000, 0.059597, -0.117276;
0.024178, 0.000000, -0.024178, 0.156711;
0.024178, 0.000000, -0.024178, 0.023621;
-0.031375, 0.000000, 0.031375, -0.142561;
-0.059597, 0.000000, 0.059597, -0.083616;
-0.088125, 0.000000, 0.088125, -0.089232;
-0.088125, 0.000000, 0.088125, -0.077001;
-0.088125, 0.000000, 0.088125, -0.086419;
-0.088125, 0.000000, 0.088125, -0.089974;
-0.088125, 0.000000, 0.088125, -0.087307;
-0.088125, 0.000000, 0.088125, -0.086566;
-0.088125, 0.000000, 0.088125, -0.087331;
-0.088125, 0.000000, 0.088125, -0.087472;
-0.088125, 0.000000, 0.088125, -0.087258;
-0.088125, 0.000000, 0.088125, -0.087236;
-0.088125, 0.000000, 0.088125, -0.087295;
-0.116965, 0.000000, 0.116965, -0.153973;
-0.088125, 0.000000, 0.088125, -0.043916;
-0.088125, 0.000000, 0.088125, -0.081786;
-0.088125, 0.000000, 0.088125, -0.100117;
0.024178, 0.000000, -0.024178, 0.171743;
-0.059597, 0.000000, 0.059597, -0.186742;
-0.088125, 0.000000, 0.088125, -0.151668;
-0.088125, 0.000000, 0.088125, -0.043666;
-0.088125, 0.000000, 0.088125, -0.072115;
-0.088125, 0.000000, 0.088125, -0.099871;
-0.088125, 0.000000, 0.088125, -0.090388;
-0.116965, 0.000000, 0.116965, -0.150386;
-0.116965, 0.000000, 0.116965, -0.110033;
-0.088125, 0.000000, 0.088125, -0.039417;
-0.116965, 0.000000, 0.116965, -0.161375;
-0.088125, 0.000000, 0.088125, -0.057095;
-0.116965, 0.000000, 0.116965, -0.145629;
-0.116965, 0.000000, 0.116965, -0.120141;
-0.116965, 0.000000, 0.116965, -0.106710;
-0.116965, 0.000000, 0.116965, -0.115286;
-0.088125, 0.000000, 0.088125, -0.051635;
-0.116965, 0.000000, 0.116965, -0.159183;
-0.088125, 0.000000, 0.088125, -0.054015;
-0.088125, 0.000000, 0.088125, -0.079761;
-0.116965, 0.000000, 0.116965, -0.164266;
-0.116965, 0.000000, 0.116965, -0.111935;
-0.088125, 0.000000, 0.088125, -0.035595;
-0.116965, 0.000000, 0.116965, -0.161149;
-0.116965, 0.000000, 0.116965, -0.124805;
-0.116965, 0.000000, 0.116965, -0.102250;
-0.116965, 0.000000, 0.116965, -0.114372;
-0.088125, 0.000000, 0.088125, -0.052888;
-0.116965, 0.000000, 0.116965, -0.159334;
-0.088125, 0.000000, 0.088125, -0.053670;
-0.116965, 0.000000, 0.116965, -0.146423;
-0.116965, 0.000000, 0.116965, -0.120994;
-0.116965, 0.000000, 0.116965, -0.106437;
-0.088125, 0.000000, 0.088125, -0.048402;
-0.116965, 0.000000, 0.116965, -0.161764;
-0.175583, 0.000000, 0.175583, -0.256887;
-0.146114, 0.000000, 0.146114, -0.081591;
-0.116965, 0.000000, 0.116965, -0.060281;
-0.116965, 0.000000, 0.116965, -0.140001;
-0.116965, 0.000000, 0.116965, -0.129950;
-0.088125, 0.000000, 0.088125, -0.041826;
-0.088125, 0.000000, 0.088125, -0.089334;
-0.116965, 0.000000, 0.116965, -0.166898;
-0.116965, 0.000000, 0.116965, -0.109206;
-0.116965, 0.000000, 0.116965, -0.101772;
-0.116965, 0.000000, 0.116965, -0.118547;
-0.116965, 0.000000, 0.116965, -0.119386;
-0.116965, 0.000000, 0.116965, -0.114872;
-0.088125, 0.000000, 0.088125, -0.048303;
-0.116965, 0.000000, 0.116965, -0.159537;
-0.116965, 0.000000, 0.116965, -0.121552;
-0.116965, 0.000000, 0.116965, -0.102917;
-0.088125, 0.000000, 0.088125, -0.048511;
-0.116965, 0.000000, 0.116965, -0.162693;
-0.175583, 0.000000, 0.175583, -0.256790;
-0.146114, 0.000000, 0.146114, -0.081351;
-0.116965, 0.000000, 0.116965, -0.060324;
-0.116965, 0.000000, 0.116965, -0.140062;
-0.116965, 0.000000, 0.116965, -0.129934;
-0.088125, 0.000000, 0.088125, -0.041811;
-0.059597, 0.000000, 0.059597, -0.023384;
-0.116965, 0.000000, 0.116965, -0.209797;
-0.116965, 0.000000, 0.116965, -0.114640;
-0.031375, 0.000000, 0.031375, 0.108803;
-0.088125, 0.000000, 0.088125, -0.179960;
-0.088125, 0.000000, 0.088125, -0.115795;
-0.088125, 0.000000, 0.088125, -0.058886;
-0.116965, 0.000000, 0.116965, -0.148288;
-0.116965, 0.000000, 0.116965, -0.118548;
-0.088125, 0.000000, 0.088125, -0.039351;
-0.116965, 0.000000, 0.116965, -0.159115;
-0.088125, 0.000000, 0.088125, -0.057277;
-0.088125, 0.000000, 0.088125, -0.079540;
-0.088125, 0.000000, 0.088125, -0.096737;
-0.116965, 0.000000, 0.116965, -0.155420;
-0.116965, 0.000000, 0.116965, -0.107985;
-0.088125, 0.000000, 0.088125, -0.038228;
-0.116965, 0.000000, 0.116965, -0.162006;
-0.116965, 0.000000, 0.116965, -0.124042;
-0.088125, 0.000000, 0.088125, -0.035400;
-0.088125, 0.000000, 0.088125, -0.091275;
-0.116965, 0.000000, 0.116965, -0.168455;
-0.116965, 0.000000, 0.116965, -0.108575;
-0.116965, 0.000000, 0.116965, -0.101404;
-0.088125, 0.000000, 0.088125, -0.052065;
-0.116965, 0.000000, 0.116965, -0.162835;
-0.088125, 0.000000, 0.088125, -0.053633;
-0.116965, 0.000000, 0.116965, -0.145495;
-0.088125, 0.000000, 0.088125, -0.054395;
-0.088125, 0.000000, 0.088125, -0.083365;
-0.088125, 0.000000, 0.088125, -0.097223;
-0.088125, 0.000000, 0.088125, -0.087690;
-0.088125, 0.000000, 0.088125, -0.084620;
-0.088125, 0.000000, 0.088125, -0.087372;
-0.088125, 0.000000, 0.088125, -0.087987;
-0.088125, 0.000000, 0.088125, -0.087210;
-0.088125, 0.000000, 0.088125, -0.087103;
-0.088125, 0.000000, 0.088125, -0.087317;
-0.088125, 0.000000, 0.088125, -0.087330;
-0.088125, 0.000000, 0.088125, -0.087272;
-0.088125, 0.000000, 0.088125, -0.087273;
-0.003450, 0.000000, 0.003450, 0.108478;
-0.003450, 0.000000, 0.003450, -0.018841;
-0.088125, 0.000000, 0.088125, -0.230737;
-0.003450, 0.000000, 0.003450, 0.130020;
0.024178, 0.000000, -0.024178, 0.084510;
-0.003450, 0.000000, 0.003450, -0.084841;
-0.059597, 0.000000, 0.059597, -0.142237;
-0.059597, 0.000000, 0.059597, -0.025657;
-0.088125, 0.000000, 0.088125, -0.103272;
-0.031375, 0.000000, 0.031375, 0.038854;
0.024178, 0.000000, -0.024178, 0.092652;
0.051515, 0.000000, -0.051515, 0.056920;
-0.059597, 0.000000, 0.059597, -0.229009;
-0.031375, 0.000000, 0.031375, 0.025428;
0.024178, 0.000000, -0.024178, 0.139746;
-0.059597, 0.000000, 0.059597, -0.198585;
-0.088125, 0.000000, 0.088125, -0.140394;
-0.088125, 0.000000, 0.088125, -0.041152;
-0.088125, 0.000000, 0.088125, -0.075278;
-0.088125, 0.000000, 0.088125, -0.100307;
-0.088125, 0.000000, 0.088125, -0.089514;
-0.059597, 0.000000, 0.059597, -0.017701;
-0.088125, 0.000000, 0.088125, -0.129851;
-0.088125, 0.000000, 0.088125, -0.093709;
-0.088125, 0.000000, 0.088125, -0.074607;
-0.088125, 0.000000, 0.088125, -0.086414;
-0.088125, 0.000000, 0.088125, -0.090711;
-0.088125, 0.000000, 0.088125, -0.087265;
-0.088125, 0.000000, 0.088125, -0.086374;
-0.088125, 0.000000, 0.088125, -0.087356;
-0.088125, 0.000000, 0.088125, -0.087521;
-0.088125, 0.000000, 0.088125, -0.087248;
-0.088125, 0.000000, 0.088125, -0.087224;
-0.088125, 0.000000, 0.088125, -0.087298;
-0.088125, 0.000000, 0.088125, -0.087299;
-0.003450, 0.000000, 0.003450, 0.108487;
-0.059597, 0.000000, 0.059597, -0.148645;
-0.088125, 0.000000, 0.088125, -0.146316;
-0.088125, 0.000000, 0.088125, -0.055048;
-0.059597, 0.000000, 0.059597, -0.006836;
-0.088125, 0.000000, 0.088125, -0.139698;
-0.059597, 0.000000, 0.059597, -0.029913;
-0.088125, 0.000000, 0.088125, -0.114725;
-0.088125, 0.000000, 0.088125, -0.091478;
-0.088125, 0.000000, 0.088125, -0.078784;
-0.088125, 0.000000, 0.088125, -0.086701;
-0.088125, 0.000000, 0.088125, -0.089579;
-0.116965, 0.000000, 0.116965, -0.153948;
-0.088125, 0.000000, 0.088125, -0.043311;
-0.088125, 0.000000, 0.088125, -0.081837;
-0.059597, 0.000000, 0.059597, -0.034319;
-0.088125, 0.000000, 0.088125, -0.130768;
-0.088125, 0.000000, 0.088125, -0.089231;
-0.088125, 0.000000, 0.088125, -0.074691;
-0.088125, 0.000000, 0.088125, -0.087599;
-0.088125, 0.000000, 0.088125, -0.090602;
-0.088125, 0.000000, 0.088125, -0.086958;
