stairSUB=[
0.024178, 0.000000, -0.024178, 0.036967, -0.017679;
0.024178, 0.000000, -0.024178, 0.026689, -0.015029;
0.024178, 0.000000, -0.024178, 0.022240, -0.003114;
0.078569, 0.000000, -0.078569, 0.105136, -0.037881;
0.024178, 0.000000, -0.024178, -0.000502, 0.008090;
0.024178, 0.000000, -0.024178, 0.012955, 0.028178;
0.024178, 0.000000, -0.024178, 0.022411, 0.012244;
0.024178, 0.000000, -0.024178, 0.024423, 0.001473;
0.024178, 0.000000, -0.024178, 0.023714, -0.000714;
-0.003450, 0.000000, 0.003450, -0.019201, 0.020344;
0.024178, 0.000000, -0.024178, 0.034600, -0.002116;
0.024178, 0.000000, -0.024178, 0.027970, -0.012498;
-0.059597, 0.000000, 0.059597, -0.104853, 0.056617;
-0.059597, 0.000000, 0.059597, -0.070264, 0.052829;
-0.003450, 0.000000, 0.003450, 0.031343, -0.028395;
-0.003450, 0.000000, 0.003450, 0.008730, -0.040000;
-0.003450, 0.000000, 0.003450, -0.003746, -0.013538;
-0.003450, 0.000000, 0.003450, -0.005562, 0.000595;
-0.003450, 0.000000, 0.003450, -0.004241, 0.002506;
0.024178, 0.000000, -0.024178, 0.038920, -0.019259;
-0.003450, 0.000000, 0.003450, -0.014874, 0.002925;
-0.088125, 0.000000, 0.088125, -0.137747, 0.075217;
-0.003450, 0.000000, 0.003450, 0.032429, -0.003792;
-0.003450, 0.000000, 0.003450, 0.013036, -0.041612;
-0.088125, 0.000000, 0.088125, -0.131423, 0.043392;
-0.031375, 0.000000, 0.031375, -0.012185, 0.009725;
0.024178, 0.000000, -0.024178, 0.065178, -0.062545;
-0.003450, 0.000000, 0.003450, -0.009138, -0.026998;
-0.003450, 0.000000, 0.003450, -0.010185, 0.007057;
0.024178, 0.000000, -0.024178, 0.036812, -0.012411;
-0.003450, 0.000000, 0.003450, -0.014814, 0.005278;
-0.003450, 0.000000, 0.003450, -0.007891, 0.013199;
0.024178, 0.000000, -0.024178, 0.038843, -0.015166;
0.024178, 0.000000, -0.024178, 0.027963, -0.017246;
-0.031375, 0.000000, 0.031375, -0.062437, 0.036057;
-0.088125, 0.000000, 0.088125, -0.126216, 0.077636;
-0.003450, 0.000000, 0.003450, 0.038251, -0.017236;
0.024178, 0.000000, -0.024178, 0.055957, -0.068393;
-0.088125, 0.000000, 0.088125, -0.143862, 0.045724;
-0.088125, 0.000000, 0.088125, -0.104472, 0.065653;
-0.088125, 0.000000, 0.088125, -0.082785, 0.019564;
-0.031375, 0.000000, 0.031375, 0.007126, -0.046498;
-0.031375, 0.000000, 0.031375, -0.019301, -0.043584;
-0.003450, 0.000000, 0.003450, 0.011355, -0.033312;
-0.003450, 0.000000, 0.003450, -0.001474, -0.016685;
0.024178, 0.000000, -0.024178, 0.037268, -0.022204;
0.024178, 0.000000, -0.024178, 0.026133, -0.015315;
-0.059597, 0.000000, 0.059597, -0.106155, 0.058793;
-0.088125, 0.000000, 0.088125, -0.114162, 0.075172;
-0.088125, 0.000000, 0.088125, -0.085897, 0.030697;
-0.088125, 0.000000, 0.088125, -0.079396, -0.001542;
-0.088125, 0.000000, 0.088125, -0.081294, -0.008644;
-0.031375, 0.000000, 0.031375, 0.003482, -0.047831;
-0.031375, 0.000000, 0.031375, -0.021229, -0.039327;
-0.059597, 0.000000, 0.059597, -0.074746, 0.009925;
-0.088125, 0.000000, 0.088125, -0.106853, 0.039340;
-0.088125, 0.000000, 0.088125, -0.087967, 0.022706;
-0.031375, 0.000000, 0.031375, 0.005162, -0.040516;
0.024178, 0.000000, -0.024178, 0.065630, -0.082005;
-0.088125, 0.000000, 0.088125, -0.141389, 0.034668;
-0.088125, 0.000000, 0.088125, -0.105008, 0.062935;
0.024178, 0.000000, -0.024178, 0.088248, -0.061890;
0.024178, 0.000000, -0.024178, 0.044107, -0.074037;
-0.031375, 0.000000, 0.031375, -0.063564, 0.018089;
-0.003450, 0.000000, 0.003450, -0.000054, 0.017286;
0.024178, 0.000000, -0.024178, 0.043177, -0.024338;
0.024178, 0.000000, -0.024178, 0.028597, -0.022156;
-0.031375, 0.000000, 0.031375, -0.062895, 0.035389;
-0.003450, 0.000000, 0.003450, 0.002929, 0.016263;
0.024178, 0.000000, -0.024178, 0.044429, -0.027793;
0.024178, 0.000000, -0.024178, 0.028656, -0.023563;
-0.031375, 0.000000, 0.031375, -0.063084, 0.035340;
-0.088125, 0.000000, 0.088125, -0.126632, 0.078398;
-0.031375, 0.000000, 0.031375, -0.004524, 0.003656;
-0.059597, 0.000000, 0.059597, -0.060225, -0.010112;
-0.059597, 0.000000, 0.059597, -0.059462, 0.001878;
-0.059597, 0.000000, 0.059597, -0.057253, 0.000821;
-0.003450, 0.000000, 0.003450, 0.029474, -0.042787;
0.051515, 0.000000, -0.051515, 0.089667, -0.077812;
0.051515, 0.000000, -0.051515, 0.055828, -0.044130;
0.024178, 0.000000, -0.024178, 0.003231, 0.014733;
0.078569, 0.000000, -0.078569, 0.098905, -0.016029;
0.078569, 0.000000, -0.078569, 0.083084, -0.024745;
0.051515, 0.000000, -0.051515, 0.032900, 0.013559;
0.024178, 0.000000, -0.024178, 0.001290, 0.040577;
0.024178, 0.000000, -0.024178, 0.018810, 0.025632;
0.051515, 0.000000, -0.051515, 0.066583, -0.014519;
0.024178, 0.000000, -0.024178, 0.012880, 0.001804;
-0.003450, 0.000000, 0.003450, -0.023932, 0.032907;
0.024178, 0.000000, -0.024178, 0.034301, 0.003208;
0.024178, 0.000000, -0.024178, 0.028649, -0.012225;
-0.059597, 0.000000, 0.059597, -0.104489, 0.055823;
-0.059597, 0.000000, 0.059597, -0.070215, 0.052418;
-0.059597, 0.000000, 0.059597, -0.054543, 0.012608;
-0.003450, 0.000000, 0.003450, 0.032572, -0.046107;
0.078569, 0.000000, -0.078569, 0.131983, -0.101150;
0.131834, 0.000000, -0.131834, 0.167032, -0.100951;
0.158056, 0.000000, -0.158056, 0.168593, -0.060894;
0.131834, 0.000000, -0.131834, 0.108276, 0.005121;
0.078569, 0.000000, -0.078569, 0.035648, 0.064048;
0.051515, 0.000000, -0.051515, 0.024172, 0.067461;
0.051515, 0.000000, -0.051515, 0.047274, 0.029971;
-0.003450, 0.000000, 0.003450, -0.031628, 0.043829;
-0.059597, 0.000000, 0.059597, -0.095740, 0.073259;
0.024178, 0.000000, -0.024178, 0.064696, -0.019262;
0.024178, 0.000000, -0.024178, 0.039549, -0.047253;
0.024178, 0.000000, -0.024178, 0.023349, -0.017612;
-0.031375, 0.000000, 0.031375, -0.064674, 0.041427;
-0.088125, 0.000000, 0.088125, -0.126445, 0.080161;
-0.031375, 0.000000, 0.031375, -0.004164, 0.003414;
0.024178, 0.000000, -0.024178, 0.067996, -0.071784;
0.051515, 0.000000, -0.051515, 0.074808, -0.070334;
0.105339, 0.000000, -0.105339, 0.132253, -0.066313;
0.131834, 0.000000, -0.131834, 0.144825, -0.051505;
0.078569, 0.000000, -0.078569, 0.044190, 0.022349;
0.024178, 0.000000, -0.024178, -0.020018, 0.078109;
0.024178, 0.000000, -0.024178, 0.014527, 0.049879;
0.051515, 0.000000, -0.051515, 0.068297, -0.009882;
-0.031375, 0.000000, 0.031375, -0.070533, 0.040365;
-0.088125, 0.000000, 0.088125, -0.129377, 0.086989;
-0.031375, 0.000000, 0.031375, -0.004497, 0.006727;
0.024178, 0.000000, -0.024178, 0.068350, -0.071444;
-0.059597, 0.000000, 0.059597, -0.094858, 0.010496;
-0.031375, 0.000000, 0.031375, -0.029501, 0.021225;
0.024178, 0.000000, -0.024178, 0.058768, -0.042571;
0.024178, 0.000000, -0.024178, 0.033154, -0.040028;
-0.059597, 0.000000, 0.059597, -0.106647, 0.050980;
0.024178, 0.000000, -0.024178, 0.056106, -0.006261;
0.024178, 0.000000, -0.024178, 0.037494, -0.037448;
-0.003450, 0.000000, 0.003450, -0.018352, 0.004841;
-0.003450, 0.000000, 0.003450, -0.009631, 0.017319;
0.078569, 0.000000, -0.078569, 0.121818, -0.052973;
0.105339, 0.000000, -0.105339, 0.129146, -0.070441;
0.105339, 0.000000, -0.105339, 0.102212, -0.028461;
0.078569, 0.000000, -0.078569, 0.055025, 0.021840;
0.105339, 0.000000, -0.105339, 0.109116, 0.006171;
0.105339, 0.000000, -0.105339, 0.104557, -0.006255;
0.105339, 0.000000, -0.105339, 0.100487, -0.000778;
0.105339, 0.000000, -0.105339, 0.099408, 0.003878;
0.105339, 0.000000, -0.105339, 0.099616, 0.005066;
0.131834, 0.000000, -0.131834, 0.140407, -0.014566;
0.131834, 0.000000, -0.131834, 0.129237, -0.011985;
0.051515, 0.000000, -0.051515, 0.001552, 0.059698;
0.024178, 0.000000, -0.024178, -0.006410, 0.076375;
-0.088125, 0.000000, 0.088125, -0.151015, 0.116195;
-0.031375, 0.000000, 0.031375, -0.010219, 0.031475;
-0.003450, 0.000000, 0.003450, 0.027219, -0.044939;
0.078569, 0.000000, -0.078569, 0.129634, -0.094942;
0.105339, 0.000000, -0.105339, 0.126369, -0.078934;
0.105339, 0.000000, -0.105339, 0.099590, -0.025111;
0.131834, 0.000000, -0.131834, 0.135742, -0.014106;
0.105339, 0.000000, -0.105339, 0.086593, 0.012807;
0.051515, 0.000000, -0.051515, 0.012643, 0.059198;
