pextARX=[-0.659933, 0.000000, 0.659933, -0.907874;
-0.624955, 0.000000, 0.624955, -0.527033;
-0.624955, 0.000000, 0.624955, -0.825212;
-0.522477, 0.000000, 0.522477, -0.369256;
-0.489111, 0.000000, 0.489111, -0.355604;
-0.590393, 0.000000, 0.590393, -0.372467;
-0.456134, 0.000000, 0.456134, -0.286139;
-0.359434, 0.000000, 0.359434, -0.367860;
-0.359434, 0.000000, 0.359434, -0.391275;
-0.359434, 0.000000, 0.359434, -0.342926;
-0.265970, 0.000000, 0.265970, -0.150446;
-0.327925, 0.000000, 0.327925, -0.251115;
-0.235505, 0.000000, 0.235505, -0.076307;
-0.175583, 0.000000, 0.175583, -0.159442;
-0.296775, 0.000000, 0.296775, -0.328466;
-0.359434, 0.000000, 0.359434, -0.374134;
-0.456134, 0.000000, 0.456134, -0.498237;
-0.556236, 0.000000, 0.556236, -0.540274;
-0.624955, 0.000000, 0.624955, -0.578163;
-0.624955, 0.000000, 0.624955, -0.534219;
-0.522477, 0.000000, 0.522477, -0.401822;
-0.489111, 0.000000, 0.489111, -0.396317;
-0.489111, 0.000000, 0.489111, -0.383445;
-0.489111, 0.000000, 0.489111, -0.419261;
-0.489111, 0.000000, 0.489111, -0.443232;
-0.489111, 0.000000, 0.489111, -0.453038;
-0.391298, 0.000000, 0.391298, -0.299452;
-0.359434, 0.000000, 0.359434, -0.281465;
-0.359434, 0.000000, 0.359434, -0.243824;
-0.265970, 0.000000, 0.265970, -0.155025;
-0.265970, 0.000000, 0.265970, -0.240408;
-0.296775, 0.000000, 0.296775, -0.272058;
-0.327925, 0.000000, 0.327925, -0.327443;
-0.265970, 0.000000, 0.265970, -0.212470;
-0.391298, 0.000000, 0.391298, -0.402738;
-0.423526, 0.000000, 0.423526, -0.327990;
-0.359434, 0.000000, 0.359434, -0.309394;
-0.391298, 0.000000, 0.391298, -0.361006;
-0.456134, 0.000000, 0.456134, -0.416232;
-0.489111, 0.000000, 0.489111, -0.445594;
-0.489111, 0.000000, 0.489111, -0.443468;
-0.489111, 0.000000, 0.489111, -0.435451;
-0.423526, 0.000000, 0.423526, -0.324489;
-0.359434, 0.000000, 0.359434, -0.261925;
-0.359434, 0.000000, 0.359434, -0.270929;
-0.359434, 0.000000, 0.359434, -0.287398;
-0.359434, 0.000000, 0.359434, -0.329034;
-0.359434, 0.000000, 0.359434, -0.340760;
-0.489111, 0.000000, 0.489111, -0.507593;
-0.359434, 0.000000, 0.359434, -0.234912;
-0.327925, 0.000000, 0.327925, -0.295213;
-0.359434, 0.000000, 0.359434, -0.244693;
-0.359434, 0.000000, 0.359434, -0.287957;
-0.359434, 0.000000, 0.359434, -0.320850;
-0.423526, 0.000000, 0.423526, -0.439210;
-0.489111, 0.000000, 0.489111, -0.482375;
-0.489111, 0.000000, 0.489111, -0.446537;
-0.489111, 0.000000, 0.489111, -0.419102;
-0.489111, 0.000000, 0.489111, -0.387602;
-0.391298, 0.000000, 0.391298, -0.261850;
-0.327925, 0.000000, 0.327925, -0.248392;
-0.327925, 0.000000, 0.327925, -0.263954;
-0.265970, 0.000000, 0.265970, -0.198019;
-0.296775, 0.000000, 0.296775, -0.288379;
-0.265970, 0.000000, 0.265970, -0.200400;
-0.235505, 0.000000, 0.235505, -0.200534;
-0.265970, 0.000000, 0.265970, -0.219732;
-0.327925, 0.000000, 0.327925, -0.296850;
-0.359434, 0.000000, 0.359434, -0.332588;
-0.359434, 0.000000, 0.359434, -0.344811;
-0.489111, 0.000000, 0.489111, -0.508700;
-0.624955, 0.000000, 0.624955, -0.600634;
-0.522477, 0.000000, 0.522477, -0.429186;
-0.489111, 0.000000, 0.489111, -0.439323;
-0.489111, 0.000000, 0.489111, -0.365112;
-0.456134, 0.000000, 0.456134, -0.343108;
-0.489111, 0.000000, 0.489111, -0.428336;
-0.489111, 0.000000, 0.489111, -0.440914;
-0.489111, 0.000000, 0.489111, -0.473001;
-0.489111, 0.000000, 0.489111, -0.439794;
-0.391298, 0.000000, 0.391298, -0.276044;
-0.327925, 0.000000, 0.327925, -0.215028;
-0.327925, 0.000000, 0.327925, -0.217457;
-0.359434, 0.000000, 0.359434, -0.303627;
-0.359434, 0.000000, 0.359434, -0.342674;
-0.423526, 0.000000, 0.423526, -0.460185;
-0.359434, 0.000000, 0.359434, -0.299785;
-0.391298, 0.000000, 0.391298, -0.358562;
-0.391298, 0.000000, 0.391298, -0.259065;
-0.359434, 0.000000, 0.359434, -0.271904;
-0.359434, 0.000000, 0.359434, -0.304310;
-0.359434, 0.000000, 0.359434, -0.336907;
-0.359434, 0.000000, 0.359434, -0.340784;
-0.327925, 0.000000, 0.327925, -0.275969;
-0.391298, 0.000000, 0.391298, -0.351717;
-0.391298, 0.000000, 0.391298, -0.296333;
-0.359434, 0.000000, 0.359434, -0.305975;
-0.359434, 0.000000, 0.359434, -0.316811;
-0.235505, 0.000000, 0.235505, -0.146915;
-0.205380, 0.000000, 0.205380, -0.162952;
-0.327925, 0.000000, 0.327925, -0.286158;
-0.359434, 0.000000, 0.359434, -0.308428;
-0.327925, 0.000000, 0.327925, -0.324605;
-0.359434, 0.000000, 0.359434, -0.367535;
-0.327925, 0.000000, 0.327925, -0.261197;
-0.327925, 0.000000, 0.327925, -0.262104;
-0.359434, 0.000000, 0.359434, -0.274800;
-0.359434, 0.000000, 0.359434, -0.300291;
-0.359434, 0.000000, 0.359434, -0.339318;
-0.359434, 0.000000, 0.359434, -0.343781;
-0.359434, 0.000000, 0.359434, -0.324424;
-0.359434, 0.000000, 0.359434, -0.294437;
-0.265970, 0.000000, 0.265970, -0.153584;
-0.327925, 0.000000, 0.327925, -0.296393;
-0.327925, 0.000000, 0.327925, -0.248161;
-0.359434, 0.000000, 0.359434, -0.374970;
-0.327925, 0.000000, 0.327925, -0.289183;
-0.327925, 0.000000, 0.327925, -0.312634;
-0.359434, 0.000000, 0.359434, -0.288836;
-0.359434, 0.000000, 0.359434, -0.281877;
-0.359434, 0.000000, 0.359434, -0.302030;
-0.265970, 0.000000, 0.265970, -0.194574;
-0.296775, 0.000000, 0.296775, -0.293093;
-0.327925, 0.000000, 0.327925, -0.270034;
-0.359434, 0.000000, 0.359434, -0.335507;
-0.359434, 0.000000, 0.359434, -0.313140;
-0.359434, 0.000000, 0.359434, -0.328677;
-0.296775, 0.000000, 0.296775, -0.219307;
-0.327925, 0.000000, 0.327925, -0.290758;
-0.359434, 0.000000, 0.359434, -0.287307;
-0.359434, 0.000000, 0.359434, -0.323379;
-0.359434, 0.000000, 0.359434, -0.333144;
-0.456134, 0.000000, 0.456134, -0.462801;
-0.391298, 0.000000, 0.391298, -0.302697;
-0.359434, 0.000000, 0.359434, -0.317899;
-0.359434, 0.000000, 0.359434, -0.261873;
-0.359434, 0.000000, 0.359434, -0.286728;
-0.359434, 0.000000, 0.359434, -0.304554;
-0.359434, 0.000000, 0.359434, -0.336078;
-0.359434, 0.000000, 0.359434, -0.334417;
-0.359434, 0.000000, 0.359434, -0.317797;
-0.359434, 0.000000, 0.359434, -0.294319;
-0.359434, 0.000000, 0.359434, -0.287709;
-0.359434, 0.000000, 0.359434, -0.298104;
-0.359434, 0.000000, 0.359434, -0.316348;
-0.359434, 0.000000, 0.359434, -0.326045;
-0.359434, 0.000000, 0.359434, -0.321394;
-0.489111, 0.000000, 0.489111, -0.486245;
-0.423526, 0.000000, 0.423526, -0.320346;
-0.456134, 0.000000, 0.456134, -0.453840;
-0.489111, 0.000000, 0.489111, -0.405225;
-0.456134, 0.000000, 0.456134, -0.389489;
-0.456134, 0.000000, 0.456134, -0.391881;
-0.489111, 0.000000, 0.489111, -0.432440;
-0.456134, 0.000000, 0.456134, -0.377274;
-0.391298, 0.000000, 0.391298, -0.321482;
-0.359434, 0.000000, 0.359434, -0.283359;
-0.359434, 0.000000, 0.359434, -0.281781;
-0.296775, 0.000000, 0.296775, -0.204830;
-0.423526, 0.000000, 0.423526, -0.437056;
-0.456134, 0.000000, 0.456134, -0.402836;
-0.391298, 0.000000, 0.391298, -0.374890;
-0.423526, 0.000000, 0.423526, -0.393711;
-0.489111, 0.000000, 0.489111, -0.414818;
-0.489111, 0.000000, 0.489111, -0.394131;
-0.489111, 0.000000, 0.489111, -0.431145;
-0.489111, 0.000000, 0.489111, -0.437999;
-0.391298, 0.000000, 0.391298, -0.308811;
-0.391298, 0.000000, 0.391298, -0.339997;
-0.456134, 0.000000, 0.456134, -0.374138;
-0.391298, 0.000000, 0.391298, -0.291293;
-0.359434, 0.000000, 0.359434, -0.322260;
-0.456134, 0.000000, 0.456134, -0.440956;
-0.489111, 0.000000, 0.489111, -0.439760;
-0.456134, 0.000000, 0.456134, -0.409451;
-0.590393, 0.000000, 0.590393, -0.583549;
-0.489111, 0.000000, 0.489111, -0.344816;
-0.489111, 0.000000, 0.489111, -0.457516;
-0.590393, 0.000000, 0.590393, -0.506967;
-0.489111, 0.000000, 0.489111, -0.377159;
-0.489111, 0.000000, 0.489111, -0.461575;
-0.556236, 0.000000, 0.556236, -0.492774;
-0.489111, 0.000000, 0.489111, -0.391500;
-0.359434, 0.000000, 0.359434, -0.257338;
-0.423526, 0.000000, 0.423526, -0.368994;
-0.359434, 0.000000, 0.359434, -0.219561;
-0.235505, 0.000000, 0.235505, -0.166410;
-0.296775, 0.000000, 0.296775, -0.278847;
-0.327925, 0.000000, 0.327925, -0.277064;
-0.265970, 0.000000, 0.265970, -0.225063;
