pextARX=[0.078569, 0.000000, -0.078569, 0.120129;
0.105339, 0.000000, -0.105339, 0.127658;
0.051515, 0.000000, -0.051515, 0.019527;
0.051515, 0.000000, -0.051515, 0.036620;
0.131834, 0.000000, -0.131834, 0.171133;
0.131834, 0.000000, -0.131834, 0.139406;
0.051515, 0.000000, -0.051515, 0.000911;
0.105339, 0.000000, -0.105339, 0.115632;
0.051515, 0.000000, -0.051515, 0.027157;
-0.059597, 0.000000, 0.059597, -0.127693;
-0.059597, 0.000000, 0.059597, -0.073083;
-0.003450, 0.000000, 0.003450, 0.033993;
-0.003450, 0.000000, 0.003450, 0.010431;
-0.003450, 0.000000, 0.003450, -0.003423;
0.051515, 0.000000, -0.051515, 0.078332;
0.051515, 0.000000, -0.051515, 0.056309;
-0.003450, 0.000000, 0.003450, -0.036833;
-0.059597, 0.000000, 0.059597, -0.099685;
0.051515, 0.000000, -0.051515, 0.105583;
0.051515, 0.000000, -0.051515, 0.069989;
-0.003450, 0.000000, 0.003450, -0.035266;
-0.003450, 0.000000, 0.003450, -0.015481;
-0.003450, 0.000000, 0.003450, -0.003348;
-0.059597, 0.000000, 0.059597, -0.087047;
-0.059597, 0.000000, 0.059597, -0.064288;
-0.003450, 0.000000, 0.003450, 0.031010;
-0.059597, 0.000000, 0.059597, -0.078301;
-0.088125, 0.000000, 0.088125, -0.109826;
-0.088125, 0.000000, 0.088125, -0.088716;
-0.116965, 0.000000, 0.116965, -0.125531;
0.131834, 0.000000, -0.131834, 0.266824;
0.235131, 0.000000, -0.235131, 0.322902;
0.024178, 0.000000, -0.024178, -0.089597;
-0.003450, 0.000000, 0.003450, -0.064697;
0.158056, 0.000000, -0.158056, 0.237994;
0.051515, 0.000000, -0.051515, 0.020110;
-0.003450, 0.000000, 0.003450, -0.051711;
0.105339, 0.000000, -0.105339, 0.151922;
0.024178, 0.000000, -0.024178, -0.004025;
-0.059597, 0.000000, 0.059597, -0.117468;
0.051515, 0.000000, -0.051515, 0.099360;
-0.003450, 0.000000, 0.003450, -0.013834;
-0.088125, 0.000000, 0.088125, -0.140190;
-0.116965, 0.000000, 0.116965, -0.142430;
-0.003450, 0.000000, 0.003450, 0.061119;
-0.088125, 0.000000, 0.088125, -0.110392;
-0.031375, 0.000000, 0.031375, -0.010843;
-0.003450, 0.000000, 0.003450, 0.019922;
0.024178, 0.000000, -0.024178, 0.043235;
-0.031375, 0.000000, 0.031375, -0.059762;
-0.003450, 0.000000, 0.003450, 0.001839;
-0.059597, 0.000000, 0.059597, -0.084700;
-0.116965, 0.000000, 0.116965, -0.151820;
-0.059597, 0.000000, 0.059597, -0.030771;
-0.059597, 0.000000, 0.059597, -0.044055;
-0.088125, 0.000000, 0.088125, -0.098892;
-0.116965, 0.000000, 0.116965, -0.133709;
-0.003450, 0.000000, 0.003450, 0.057989;
-0.059597, 0.000000, 0.059597, -0.069714;
-0.088125, 0.000000, 0.088125, -0.110546;
-0.003450, 0.000000, 0.003450, 0.038936;
-0.059597, 0.000000, 0.059597, -0.074522;
-0.059597, 0.000000, 0.059597, -0.065844;
0.078569, 0.000000, -0.078569, 0.153538;
0.051515, 0.000000, -0.051515, 0.055668;
-0.031375, 0.000000, 0.031375, -0.085369;
0.158056, 0.000000, -0.158056, 0.242401;
0.105339, 0.000000, -0.105339, 0.100320;
0.209697, 0.000000, -0.209697, 0.249585;
0.382454, 0.000000, -0.382454, 0.474676;
0.452908, 0.000000, -0.452908, 0.493969;
0.475939, 0.000000, -0.475939, 0.467312;
0.565887, 0.000000, -0.565887, 0.582714;
0.652497, 0.000000, -0.652497, 0.677685;
0.609598, 0.000000, -0.609598, 0.562904;
0.756343, 0.000000, -0.756343, 0.790364;
0.894062, 0.000000, -0.894062, 0.947987;
0.735952, 0.000000, -0.735952, 0.624491;
0.565887, 0.000000, -0.565887, 0.404844;
0.631147, 0.000000, -0.631147, 0.607818;
0.673648, 0.000000, -0.673648, 0.683544;
0.565887, 0.000000, -0.565887, 0.488540;
0.406168, 0.000000, -0.406168, 0.274891;
0.406168, 0.000000, -0.406168, 0.360844;
0.498749, 0.000000, -0.498749, 0.534788;
0.521344, 0.000000, -0.521344, 0.529991;
0.521344, 0.000000, -0.521344, 0.497767;
0.521344, 0.000000, -0.521344, 0.490031;
0.521344, 0.000000, -0.521344, 0.492046;
0.631147, 0.000000, -0.631147, 0.662189;
0.796576, 0.000000, -0.796576, 0.869130;
0.816422, 0.000000, -0.816422, 0.808871;
0.796576, 0.000000, -0.796576, 0.738292;
0.874910, 0.000000, -0.874910, 0.863908;
0.931866, 0.000000, -0.931866, 0.927099;
0.836090, 0.000000, -0.836090, 0.745339;
0.836090, 0.000000, -0.836090, 0.774606;
0.894062, 0.000000, -0.894062, 0.881713;
0.894062, 0.000000, -0.894062, 0.860484;
0.735952, 0.000000, -0.735952, 0.606452;
0.694607, 0.000000, -0.694607, 0.608484;
0.694607, 0.000000, -0.694607, 0.656370;
0.631147, 0.000000, -0.631147, 0.569584;
0.565887, 0.000000, -0.565887, 0.493212;
0.587846, 0.000000, -0.587846, 0.562801;
0.609598, 0.000000, -0.609598, 0.598485;
0.565887, 0.000000, -0.565887, 0.517540;
0.475939, 0.000000, -0.475939, 0.391945;
0.521344, 0.000000, -0.521344, 0.507035;
0.565887, 0.000000, -0.565887, 0.573733;
0.756343, 0.000000, -0.756343, 0.837964;
0.894062, 0.000000, -0.894062, 0.955929;
0.836090, 0.000000, -0.836090, 0.773023;
0.756343, 0.000000, -0.756343, 0.650004;
0.913049, 0.000000, -0.913049, 0.938641;
0.987357, 0.000000, -0.987357, 1.007440;
0.756343, 0.000000, -0.756343, 0.595336;
0.609598, 0.000000, -0.609598, 0.450722;
0.776551, 0.000000, -0.776551, 0.812581;
0.950526, 0.000000, -0.950526, 1.041111;
0.836090, 0.000000, -0.836090, 0.758425;
0.609598, 0.000000, -0.609598, 0.419758;
0.609598, 0.000000, -0.609598, 0.536887;
0.652497, 0.000000, -0.652497, 0.652390;
0.694607, 0.000000, -0.694607, 0.701203;
0.521344, 0.000000, -0.521344, 0.403104;
0.498749, 0.000000, -0.498749, 0.430146;
0.429651, 0.000000, -0.429651, 0.366179;
0.235131, 0.000000, -0.235131, 0.106374;
0.158056, 0.000000, -0.158056, 0.080517;
0.105339, 0.000000, -0.105339, 0.066242;
-0.031375, 0.000000, 0.031375, -0.106686;
-0.088125, 0.000000, 0.088125, -0.130807;
-0.116965, 0.000000, 0.116965, -0.129776;
-0.088125, 0.000000, 0.088125, -0.064164;
-0.088125, 0.000000, 0.088125, -0.074663;
0.051515, 0.000000, -0.051515, 0.130628;
0.158056, 0.000000, -0.158056, 0.232208;
0.078569, 0.000000, -0.078569, 0.040213;
0.105339, 0.000000, -0.105339, 0.094374;
0.051515, 0.000000, -0.051515, 0.018062;
-0.031375, 0.000000, 0.031375, -0.085042;
-0.088125, 0.000000, 0.088125, -0.127358;
-0.088125, 0.000000, 0.088125, -0.087835;
-0.116965, 0.000000, 0.116965, -0.122102;
-0.059597, 0.000000, 0.059597, -0.024445;
0.024178, 0.000000, -0.024178, 0.081804;
0.024178, 0.000000, -0.024178, 0.035087;
-0.003450, 0.000000, 0.003450, -0.023891;
-0.003450, 0.000000, 0.003450, -0.011754;
-0.059597, 0.000000, 0.059597, -0.089449;
-0.088125, 0.000000, 0.088125, -0.107556;
-0.088125, 0.000000, 0.088125, -0.085752;
-0.031375, 0.000000, 0.031375, 0.006299;
0.078569, 0.000000, -0.078569, 0.148931;
0.078569, 0.000000, -0.078569, 0.090223;
-0.031375, 0.000000, 0.031375, -0.099196;
-0.088125, 0.000000, 0.088125, -0.138867;
-0.088125, 0.000000, 0.088125, -0.090668;
-0.031375, 0.000000, 0.031375, 0.009449;
-0.059597, 0.000000, 0.059597, -0.060026;
-0.088125, 0.000000, 0.088125, -0.105400;
-0.003450, 0.000000, 0.003450, 0.039622;
0.105339, 0.000000, -0.105339, 0.177085;
0.131834, 0.000000, -0.131834, 0.156347;
0.024178, 0.000000, -0.024178, -0.041427;
-0.088125, 0.000000, 0.088125, -0.171715;
-0.088125, 0.000000, 0.088125, -0.100433;
-0.116965, 0.000000, 0.116965, -0.120221;
-0.116965, 0.000000, 0.116965, -0.109121;
-0.059597, 0.000000, 0.059597, -0.020829;
0.024178, 0.000000, -0.024178, 0.081221;
-0.003450, 0.000000, 0.003450, -0.008046;
-0.003450, 0.000000, 0.003450, -0.012453;
-0.003450, 0.000000, 0.003450, -0.006658;
-0.059597, 0.000000, 0.059597, -0.089087;
-0.175583, 0.000000, 0.175583, -0.241989;
-0.146114, 0.000000, 0.146114, -0.137625;
-0.031375, 0.000000, 0.031375, 0.046988;
-0.059597, 0.000000, 0.059597, -0.050647;
-0.059597, 0.000000, 0.059597, -0.063962;
0.078569, 0.000000, -0.078569, 0.150281;
-0.031375, 0.000000, 0.031375, -0.072885;
-0.088125, 0.000000, 0.088125, -0.137171;
-0.031375, 0.000000, 0.031375, -0.007664;
0.078569, 0.000000, -0.078569, 0.151405;
0.105339, 0.000000, -0.105339, 0.134697;
0.078569, 0.000000, -0.078569, 0.058720;
0.158056, 0.000000, -0.158056, 0.185805;
0.209697, 0.000000, -0.209697, 0.239274;
0.131834, 0.000000, -0.131834, 0.086494;
0.184011, 0.000000, -0.184011, 0.188868;
0.235131, 0.000000, -0.235131, 0.260181;
