pextARX=[-0.659933, 0.000000, 0.659933, -1.009007, 0.482546;
-0.731154, 0.000000, 0.731154, -0.837355, 0.462292;
-0.695328, 0.000000, 0.695328, -0.630874, 0.103066;
-0.731154, 0.000000, 0.731154, -0.680532, -0.038503;
-0.767418, 0.000000, 0.767418, -0.744194, -0.019482;
-0.767418, 0.000000, 0.767418, -0.733817, -0.013793;
-0.624955, 0.000000, 0.624955, -0.510217, -0.130111;
-0.522477, 0.000000, 0.522477, -0.413236, -0.195979;
-0.590393, 0.000000, 0.590393, -0.587459, -0.065784;
-0.556236, 0.000000, 0.556236, -0.527207, -0.017501;
-0.423526, 0.000000, 0.423526, -0.323733, -0.121170;
-0.456134, 0.000000, 0.456134, -0.430758, -0.083348;
-0.590393, 0.000000, 0.590393, -0.647035, 0.077536;
-0.590393, 0.000000, 0.590393, -0.585490, 0.074722;
-0.624955, 0.000000, 0.624955, -0.609682, 0.028461;
-0.522477, 0.000000, 0.522477, -0.435793, -0.082564;
-0.556236, 0.000000, 0.556236, -0.528408, -0.066141;
-0.695328, 0.000000, 0.695328, -0.747372, 0.079660;
-0.731154, 0.000000, 0.731154, -0.739196, 0.097309;
-0.695328, 0.000000, 0.695328, -0.640758, -0.005900;
-0.767418, 0.000000, 0.767418, -0.757449, 0.001058;
-0.767418, 0.000000, 0.767418, -0.736914, 0.001329;
-0.767418, 0.000000, 0.767418, -0.727169, -0.022554;
-0.659933, 0.000000, 0.659933, -0.561905, -0.112144;
-0.624955, 0.000000, 0.624955, -0.555377, -0.126856;
-0.522477, 0.000000, 0.522477, -0.434077, -0.143507;
-0.489111, 0.000000, 0.489111, -0.434363, -0.116353;
-0.522477, 0.000000, 0.522477, -0.515857, -0.029372;
-0.590393, 0.000000, 0.590393, -0.610269, 0.051188;
-0.624955, 0.000000, 0.624955, -0.625020, 0.057611;
-0.590393, 0.000000, 0.590393, -0.542389, -0.015480;
-0.522477, 0.000000, 0.522477, -0.446536, -0.095314;
-0.391298, 0.000000, 0.391298, -0.283268, -0.174071;
-0.391298, 0.000000, 0.391298, -0.354014, -0.116560;
-0.359434, 0.000000, 0.359434, -0.329863, -0.058403;
-0.423526, 0.000000, 0.423526, -0.440454, 0.019366;
-0.456134, 0.000000, 0.456134, -0.464251, 0.050393;
-0.489111, 0.000000, 0.489111, -0.487388, 0.040528;
-0.489111, 0.000000, 0.489111, -0.465714, 0.005666;
-0.391298, 0.000000, 0.391298, -0.311293, -0.090567;
-0.359434, 0.000000, 0.359434, -0.305666, -0.108454;
-0.359434, 0.000000, 0.359434, -0.338742, -0.054927;
-0.359434, 0.000000, 0.359434, -0.346120, -0.017223;
-0.359434, 0.000000, 0.359434, -0.343794, -0.009179;
-0.391298, 0.000000, 0.391298, -0.390172, 0.011301;
-0.489111, 0.000000, 0.489111, -0.525508, 0.076649;
-0.423526, 0.000000, 0.423526, -0.377883, 0.001527;
-0.391298, 0.000000, 0.391298, -0.338300, -0.069527;
-0.456134, 0.000000, 0.456134, -0.463034, -0.006639;
-0.391298, 0.000000, 0.391298, -0.346054, -0.031600;
-0.359434, 0.000000, 0.359434, -0.313002, -0.068867;
-0.489111, 0.000000, 0.489111, -0.534375, 0.047862;
-0.423526, 0.000000, 0.423526, -0.386512, 0.012248;
-0.456134, 0.000000, 0.456134, -0.439857, -0.012236;
-0.489111, 0.000000, 0.489111, -0.485515, 0.013048;
-0.391298, 0.000000, 0.391298, -0.319513, -0.067642;
-0.359434, 0.000000, 0.359434, -0.306017, -0.099220;
-0.359434, 0.000000, 0.359434, -0.337483, -0.054651;
-0.359434, 0.000000, 0.359434, -0.345483, -0.018690;
-0.423526, 0.000000, 0.423526, -0.441713, 0.036966;
-0.489111, 0.000000, 0.489111, -0.512554, 0.075720;
-0.489111, 0.000000, 0.489111, -0.472180, 0.034431;
-0.489111, 0.000000, 0.489111, -0.459467, -0.011933;
-0.489111, 0.000000, 0.489111, -0.460607, -0.026059;
-0.489111, 0.000000, 0.489111, -0.463323, -0.024533;
-0.489111, 0.000000, 0.489111, -0.464372, -0.021395;
-0.489111, 0.000000, 0.489111, -0.464384, -0.020220;
-0.590393, 0.000000, 0.590393, -0.619064, 0.053834;
-0.624955, 0.000000, 0.624955, -0.628768, 0.067801;
-0.522477, 0.000000, 0.522477, -0.438748, -0.060925;
-0.556236, 0.000000, 0.556236, -0.526468, -0.063012;
-0.522477, 0.000000, 0.522477, -0.481691, -0.049030;
-0.489111, 0.000000, 0.489111, -0.442298, -0.062323;
-0.489111, 0.000000, 0.489111, -0.460262, -0.045309;
-0.456134, 0.000000, 0.456134, -0.415707, -0.048773;
-0.489111, 0.000000, 0.489111, -0.479737, -0.014516;
-0.590393, 0.000000, 0.590393, -0.625440, 0.071608;
-0.556236, 0.000000, 0.556236, -0.523973, 0.024716;
-0.489111, 0.000000, 0.489111, -0.415971, -0.077575;
-0.590393, 0.000000, 0.590393, -0.605028, -0.001650;
-0.556236, 0.000000, 0.556236, -0.525621, 0.002019;
-0.489111, 0.000000, 0.489111, -0.420250, -0.075335;
-0.590393, 0.000000, 0.590393, -0.606704, 0.003294;
-0.590393, 0.000000, 0.590393, -0.577876, 0.028874;
-0.522477, 0.000000, 0.522477, -0.456468, -0.054674;
-0.590393, 0.000000, 0.590393, -0.586104, -0.017517;
-0.522477, 0.000000, 0.522477, -0.467508, -0.044448;
-0.489111, 0.000000, 0.489111, -0.434889, -0.078881;
-0.489111, 0.000000, 0.489111, -0.459314, -0.053689;
-0.489111, 0.000000, 0.489111, -0.466973, -0.025643;
-0.522477, 0.000000, 0.522477, -0.517283, 0.007262;
-0.556236, 0.000000, 0.556236, -0.553069, 0.027349;
-0.489111, 0.000000, 0.489111, -0.429316, -0.043775;
-0.590393, 0.000000, 0.590393, -0.606123, 0.013389;
-0.624955, 0.000000, 0.624955, -0.628888, 0.053328;
-0.556236, 0.000000, 0.556236, -0.492652, -0.035895;
-0.489111, 0.000000, 0.489111, -0.410515, -0.113138;
-0.489111, 0.000000, 0.489111, -0.453076, -0.081549;
-0.489111, 0.000000, 0.489111, -0.468320, -0.032502;
-0.489111, 0.000000, 0.489111, -0.467962, -0.015471;
-0.590393, 0.000000, 0.590393, -0.620023, 0.057929;
-0.489111, 0.000000, 0.489111, -0.420891, -0.030471;
-0.489111, 0.000000, 0.489111, -0.445235, -0.070655;
-0.590393, 0.000000, 0.590393, -0.617790, 0.032283;
-0.522477, 0.000000, 0.522477, -0.474805, -0.008306;
-0.556236, 0.000000, 0.556236, -0.535396, -0.021827;
-0.590393, 0.000000, 0.590393, -0.583401, 0.010428;
-0.522477, 0.000000, 0.522477, -0.461923, -0.047987;
-0.522477, 0.000000, 0.522477, -0.483810, -0.060929;
-0.624955, 0.000000, 0.624955, -0.652833, 0.039640;
-0.624955, 0.000000, 0.624955, -0.611146, 0.042391;
-0.624955, 0.000000, 0.624955, -0.591022, -0.006124;
-0.624955, 0.000000, 0.624955, -0.588992, -0.028838;
-0.624955, 0.000000, 0.624955, -0.591534, -0.030878;
-0.624955, 0.000000, 0.624955, -0.593050, -0.027892;
-0.624955, 0.000000, 0.624955, -0.593306, -0.026171;
-0.624955, 0.000000, 0.624955, -0.593162, -0.025897;
-0.624955, 0.000000, 0.624955, -0.593051, -0.026069;
-0.624955, 0.000000, 0.624955, -0.593026, -0.026195;
-0.624955, 0.000000, 0.624955, -0.593033, -0.026223;
-0.522477, 0.000000, 0.522477, -0.436357, -0.101147;
-0.489111, 0.000000, 0.489111, -0.428909, -0.114303;
-0.590393, 0.000000, 0.590393, -0.616805, 0.013918;
-0.624955, 0.000000, 0.624955, -0.633855, 0.065741;
-0.590393, 0.000000, 0.590393, -0.545311, -0.005320;
-0.624955, 0.000000, 0.624955, -0.603034, -0.017127;
-0.624955, 0.000000, 0.624955, -0.596364, -0.014713;
-0.624955, 0.000000, 0.624955, -0.592840, -0.022504;
-0.624955, 0.000000, 0.624955, -0.592376, -0.026491;
-0.624955, 0.000000, 0.624955, -0.592772, -0.026975;
-0.624955, 0.000000, 0.624955, -0.593033, -0.026508;
-0.624955, 0.000000, 0.624955, -0.593085, -0.026210;
-0.731154, 0.000000, 0.731154, -0.755437, 0.051500;
-0.695328, 0.000000, 0.695328, -0.655496, 0.013637;
-0.731154, 0.000000, 0.731154, -0.705956, -0.008597;
-0.731154, 0.000000, 0.731154, -0.696153, -0.016855;
-0.659933, 0.000000, 0.659933, -0.583899, -0.080215;
-0.767418, 0.000000, 0.767418, -0.778669, 0.002438;
-0.767418, 0.000000, 0.767418, -0.746730, 0.025986;
-0.767418, 0.000000, 0.767418, -0.728006, -0.011491;
-0.767418, 0.000000, 0.767418, -0.724935, -0.032732;
-0.767418, 0.000000, 0.767418, -0.726759, -0.036002;
-0.731154, 0.000000, 0.731154, -0.672679, -0.060351;
-0.659933, 0.000000, 0.659933, -0.579512, -0.106896;
-0.695328, 0.000000, 0.695328, -0.670487, -0.054997;
-0.659933, 0.000000, 0.659933, -0.614728, -0.042266;
-0.624955, 0.000000, 0.624955, -0.569568, -0.066419;
-0.659933, 0.000000, 0.659933, -0.641628, -0.027356;
-0.659933, 0.000000, 0.659933, -0.633460, -0.009773;
-0.624955, 0.000000, 0.624955, -0.573410, -0.045096;
-0.659933, 0.000000, 0.659933, -0.640157, -0.023190;
