stepARX=[0.105339, 0.000000, -0.105339, 0.161059;
0.078569, 0.000000, -0.078569, 0.075348;
0.184011, 0.000000, -0.184011, 0.228561;
0.131834, 0.000000, -0.131834, 0.107730;
0.024178, 0.000000, -0.024178, -0.050983;
0.078569, 0.000000, -0.078569, 0.087163;
0.105339, 0.000000, -0.105339, 0.127988;
0.078569, 0.000000, -0.078569, 0.066732;
0.024178, 0.000000, -0.024178, -0.014058;
0.024178, 0.000000, -0.024178, 0.013369;
-0.088125, 0.000000, 0.088125, -0.146766;
-0.088125, 0.000000, 0.088125, -0.098453;
-0.088125, 0.000000, 0.088125, -0.079525;
-0.003450, 0.000000, 0.003450, 0.050278;
-0.116965, 0.000000, 0.116965, -0.162389;
-0.116965, 0.000000, 0.116965, -0.131197;
-0.003450, 0.000000, 0.003450, 0.062175;
-0.003450, 0.000000, 0.003450, 0.017618;
-0.088125, 0.000000, 0.088125, -0.134457;
-0.031375, 0.000000, 0.031375, -0.014367;
0.024178, 0.000000, -0.024178, 0.064702;
-0.003450, 0.000000, 0.003450, -0.008980;
-0.003450, 0.000000, 0.003450, -0.010031;
0.078569, 0.000000, -0.078569, 0.120017;
0.105339, 0.000000, -0.105339, 0.128390;
0.024178, 0.000000, -0.024178, -0.021916;
0.024178, 0.000000, -0.024178, 0.006480;
0.024178, 0.000000, -0.024178, 0.023139;
-0.031375, 0.000000, 0.031375, -0.059063;
-0.116965, 0.000000, 0.116965, -0.167931;
-0.003450, 0.000000, 0.003450, 0.051019;
0.024178, 0.000000, -0.024178, 0.061086;
-0.003450, 0.000000, 0.003450, -0.014250;
-0.003450, 0.000000, 0.003450, -0.011822;
0.024178, 0.000000, -0.024178, 0.036944;
-0.003450, 0.000000, 0.003450, -0.014471;
-0.031375, 0.000000, 0.031375, -0.050453;
-0.088125, 0.000000, 0.088125, -0.120989;
-0.031375, 0.000000, 0.031375, -0.004117;
-0.003450, 0.000000, 0.003450, 0.024834;
-0.003450, 0.000000, 0.003450, 0.002084;
-0.059597, 0.000000, 0.059597, -0.091515;
-0.003450, 0.000000, 0.003450, 0.018573;
-0.031375, 0.000000, 0.031375, -0.036152;
-0.088125, 0.000000, 0.088125, -0.120137;
-0.116965, 0.000000, 0.116965, -0.137058;
-0.059597, 0.000000, 0.059597, -0.025726;
-0.059597, 0.000000, 0.059597, -0.044290;
-0.088125, 0.000000, 0.088125, -0.099870;
-0.031375, 0.000000, 0.031375, -0.003254;
-0.003450, 0.000000, 0.003450, 0.021585;
-0.003450, 0.000000, 0.003450, 0.000446;
-0.059597, 0.000000, 0.059597, -0.091705;
-0.116965, 0.000000, 0.116965, -0.154791;
-0.088125, 0.000000, 0.088125, -0.074541;
-0.088125, 0.000000, 0.088125, -0.075102;
-0.031375, 0.000000, 0.031375, 0.005482;
-0.003450, 0.000000, 0.003450, 0.021315;
-0.003450, 0.000000, 0.003450, -0.001186;
0.024178, 0.000000, -0.024178, 0.035682;
-0.003450, 0.000000, 0.003450, -0.016886;
0.024178, 0.000000, -0.024178, 0.033596;
0.024178, 0.000000, -0.024178, 0.027110;
-0.088125, 0.000000, 0.088125, -0.148691;
-0.059597, 0.000000, 0.059597, -0.058090;
-0.003450, 0.000000, 0.003450, 0.036652;
0.024178, 0.000000, -0.024178, 0.051304;
0.024178, 0.000000, -0.024178, 0.025987;
0.078569, 0.000000, -0.078569, 0.102606;
0.024178, 0.000000, -0.024178, -0.002308;
0.024178, 0.000000, -0.024178, 0.012563;
-0.003450, 0.000000, 0.003450, -0.019699;
-0.031375, 0.000000, 0.031375, -0.048641;
-0.003450, 0.000000, 0.003450, 0.010207;
0.024178, 0.000000, -0.024178, 0.045305;
0.024178, 0.000000, -0.024178, 0.027801;
0.051515, 0.000000, -0.051515, 0.063108;
0.024178, 0.000000, -0.024178, 0.009735;
0.024178, 0.000000, -0.024178, 0.017468;
-0.031375, 0.000000, 0.031375, -0.062225;
-0.059597, 0.000000, 0.059597, -0.080689;
-0.003450, 0.000000, 0.003450, 0.026962;
0.024178, 0.000000, -0.024178, 0.050763;
-0.059597, 0.000000, 0.059597, -0.100677;
-0.003450, 0.000000, 0.003450, 0.013562;
0.024178, 0.000000, -0.024178, 0.048070;
0.024178, 0.000000, -0.024178, 0.028490;
0.024178, 0.000000, -0.024178, 0.021149;
0.024178, 0.000000, -0.024178, 0.021164;
-0.003450, 0.000000, 0.003450, -0.019805;
0.024178, 0.000000, -0.024178, 0.034764;
0.024178, 0.000000, -0.024178, 0.028149;
0.024178, 0.000000, -0.024178, 0.023290;
-0.031375, 0.000000, 0.031375, -0.062734;
-0.088125, 0.000000, 0.088125, -0.125545;
-0.088125, 0.000000, 0.088125, -0.090854;
-0.088125, 0.000000, 0.088125, -0.079704;
-0.088125, 0.000000, 0.088125, -0.080580;
0.024178, 0.000000, -0.024178, 0.088800;
0.024178, 1.000000, 0.975822, 0.040144;
0.024178, 1.000000, 0.975822, 0.020281;
0.024178, 1.000000, 0.975822, 0.054585;
0.105339, 1.000000, 0.894661, 0.197829;
0.024178, 1.000000, 0.975822, 0.042094;
0.105339, 1.000000, 0.894661, 0.183759;
0.131834, 1.000000, 0.868166, 0.202401;
0.209697, 1.000000, 0.790303, 0.298012;
0.334322, 1.000000, 0.665678, 0.448774;
0.543721, 1.000000, 0.456279, 0.702613;
0.521344, 1.000000, 0.478656, 0.557198;
0.694607, 1.000000, 0.305393, 0.794371;
0.836090, 1.000000, 0.163910, 0.943269;
0.735952, 1.000000, 0.264048, 0.705780;
0.931866, 1.000000, 0.068134, 1.022388;
1.111435, 1.000000, -0.111435, 1.234952;
1.059158, 1.000000, -0.059158, 1.049454;
1.128574, 1.000000, -0.128574, 1.142070;
1.276624, 1.000000, -0.276624, 1.350377;
1.145567, 1.000000, -0.145567, 1.081871;
1.076732, 1.000000, -0.076732, 1.005835;
1.111435, 1.000000, -0.111435, 1.111880;
0.987357, 1.000000, 0.012643, 0.925917;
0.969022, 1.000000, 0.030978, 0.943580;
1.041439, 1.000000, -0.041439, 1.081048;
0.950526, 1.000000, 0.049474, 0.915437;
0.969022, 1.000000, 0.030978, 0.966337;
0.950526, 1.000000, 0.049474, 0.944169;
0.816422, 1.000000, 0.183578, 0.746090;
0.913049, 1.000000, 0.086951, 0.952772;
0.987357, 1.000000, 0.012643, 1.049671;
0.836090, 1.000000, 0.163910, 0.770015;
0.987357, 1.000000, 0.012643, 1.047119;
1.076732, 1.000000, -0.076732, 1.147173;
1.023565, 1.000000, -0.023565, 1.004849;
1.195718, 1.000000, -0.195718, 1.269976;
1.323635, 1.000000, -0.323635, 1.403202;
1.212163, 1.000000, -0.212163, 1.151346;
1.094155, 1.000000, -0.094155, 0.993135;
1.179138, 1.000000, -0.179138, 1.196260;
1.128574, 1.000000, -0.128574, 1.111257;
0.987357, 1.000000, 0.012643, 0.901604;
1.005538, 1.000000, -0.005538, 0.993083;
1.145567, 1.000000, -0.145567, 1.226028;
1.162423, 1.000000, -0.162423, 1.190117;
0.987357, 1.000000, 0.012643, 0.885279;
1.094155, 1.000000, -0.094155, 1.116781;
1.145567, 1.000000, -0.145567, 1.185767;
1.041439, 1.000000, -0.041439, 0.989681;
0.950526, 1.000000, 0.049474, 0.880262;
0.969022, 1.000000, 0.030978, 0.965981;
0.894062, 1.000000, 0.105938, 0.863745;
0.855585, 1.000000, 0.144415, 0.832742;
0.987357, 1.000000, 0.012643, 1.060378;
1.076732, 1.000000, -0.076732, 1.147781;
1.023565, 1.000000, -0.023565, 1.002839;
0.950526, 1.000000, 0.049474, 0.894062;
1.041439, 1.000000, -0.041439, 1.075847;
1.111435, 1.000000, -0.111435, 1.162540;
1.076732, 1.000000, -0.076732, 1.064009;
1.059158, 1.000000, -0.059158, 1.035318;
1.128574, 1.000000, -0.128574, 1.155557;
1.244655, 1.000000, -0.244655, 1.310120;
1.145567, 1.000000, -0.145567, 1.097085;
1.041439, 1.000000, -0.041439, 0.957011;
1.094155, 1.000000, -0.094155, 1.100193;
1.128574, 1.000000, -0.128574, 1.154659;
0.913049, 1.000000, 0.086951, 0.801116;
0.836090, 1.000000, 0.163910, 0.764121;
0.894062, 1.000000, 0.105938, 0.924254;
0.931866, 1.000000, 0.068134, 0.975426;
0.836090, 1.000000, 0.163910, 0.798169;
0.855585, 1.000000, 0.144415, 0.856118;
0.836090, 1.000000, 0.163910, 0.835203;
0.894062, 1.000000, 0.105938, 0.931557;
0.913049, 1.000000, 0.086951, 0.937734;
0.874910, 1.000000, 0.125090, 0.860173;
0.855585, 1.000000, 0.144415, 0.842165;
0.913049, 1.000000, 0.086951, 0.946437;
1.041439, 1.000000, -0.041439, 1.123633;
1.111435, 1.000000, -0.111435, 1.165109;
0.950526, 1.000000, 0.049474, 0.863976;
0.913049, 1.000000, 0.086951, 0.861890;
1.059158, 1.000000, -0.059158, 1.134290;
1.059158, 1.000000, -0.059158, 1.084704;
0.894062, 1.000000, 0.105938, 0.802679;
0.816422, 1.000000, 0.183578, 0.749146;
0.874910, 1.000000, 0.125090, 0.904767;
0.836090, 1.000000, 0.163910, 0.838800;
0.776551, 1.000000, 0.223449, 0.750451;
0.816422, 1.000000, 0.183578, 0.838672;
0.836090, 1.000000, 0.163910, 0.863179;
0.756343, 1.000000, 0.243657, 0.726067;
0.796576, 1.000000, 0.203424, 0.815696;
0.816422, 1.000000, 0.183578, 0.843579;
0.776551, 1.000000, 0.223449, 0.768637;
