stepARX=[0.024178, 0.000000, -0.024178, 0.033262;
0.024178, 0.000000, -0.024178, 0.021072;
0.024178, 0.000000, -0.024178, 0.031350;
0.024178, 0.000000, -0.024178, 0.020355;
0.105339, 0.000000, -0.105339, 0.130715;
0.051515, 0.000000, -0.051515, 0.012174;
-0.059597, 0.000000, 0.059597, -0.074947;
-0.059597, 0.000000, 0.059597, -0.075446;
-0.088125, 0.000000, 0.088125, -0.139391;
-0.059597, 0.000000, 0.059597, -0.046077;
-0.088125, 0.000000, 0.088125, -0.087213;
-0.088125, 0.000000, 0.088125, -0.031769;
-0.031375, 0.000000, 0.031375, 0.005074;
0.024178, 0.000000, -0.024178, 0.044591;
0.024178, 0.000000, -0.024178, 0.017853;
0.024178, 0.000000, -0.024178, 0.028003;
-0.031375, 0.000000, 0.031375, -0.061504;
-0.088125, 0.000000, 0.088125, -0.106562;
-0.003450, 0.000000, 0.003450, 0.014690;
-0.059597, 0.000000, 0.059597, -0.098841;
-0.088125, 0.000000, 0.088125, -0.045205;
-0.059597, 0.000000, 0.059597, -0.043965;
-0.088125, 0.000000, 0.088125, -0.093110;
-0.088125, 0.000000, 0.088125, -0.081606;
-0.088125, 0.000000, 0.088125, -0.095085;
-0.003450, 0.000000, 0.003450, 0.039522;
0.024178, 0.000000, -0.024178, 0.040652;
0.024178, 0.000000, -0.024178, 0.068633;
-0.031375, 0.000000, 0.031375, -0.042042;
-0.059597, 0.000000, 0.059597, -0.077529;
0.024178, 0.000000, -0.024178, 0.009530;
0.024178, 0.000000, -0.024178, -0.005864;
0.024178, 0.000000, -0.024178, 0.068252;
0.024178, 0.000000, -0.024178, 0.056947;
0.024178, 0.000000, -0.024178, 0.043245;
-0.059597, 0.000000, 0.059597, -0.113954;
-0.088125, 0.000000, 0.088125, -0.122195;
-0.088125, 0.000000, 0.088125, -0.132914;
-0.088125, 0.000000, 0.088125, -0.078432;
-0.116965, 0.000000, 0.116965, -0.083955;
-0.088125, 0.000000, 0.088125, -0.019589;
-0.088125, 0.000000, 0.088125, -0.076342;
-0.003450, 0.000000, 0.003450, 0.032188;
0.024178, 0.000000, -0.024178, 0.001804;
0.078569, 0.000000, -0.078569, 0.117399;
0.024178, 0.000000, -0.024178, 0.006924;
0.024178, 0.000000, -0.024178, 0.058286;
-0.003450, 0.000000, 0.003450, -0.046523;
-0.031375, 0.000000, 0.031375, -0.054397;
-0.088125, 0.000000, 0.088125, -0.134340;
-0.003450, 0.000000, 0.003450, 0.039658;
0.024178, 0.000000, -0.024178, 0.030539;
0.024178, 0.000000, -0.024178, 0.082490;
0.024178, 0.000000, -0.024178, 0.041831;
0.024178, 0.000000, -0.024178, 0.014352;
0.024178, 0.000000, -0.024178, -0.016460;
-0.059597, 0.000000, 0.059597, -0.119801;
-0.088125, 0.000000, 0.088125, -0.090793;
-0.088125, 0.000000, 0.088125, -0.086849;
-0.088125, 0.000000, 0.088125, -0.060837;
-0.088125, 0.000000, 0.088125, -0.062121;
-0.116965, 0.000000, 0.116965, -0.109598;
-0.031375, 0.000000, 0.031375, 0.006423;
-0.003450, 0.000000, 0.003450, -0.015576;
0.024178, 0.000000, -0.024178, 0.063237;
-0.031375, 0.000000, 0.031375, -0.040510;
-0.003450, 0.000000, 0.003450, 0.031931;
0.024178, 0.000000, -0.024178, -0.001097;
0.024178, 0.000000, -0.024178, 0.018724;
0.024178, 0.000000, -0.024178, 0.022976;
0.024178, 0.000000, -0.024178, 0.035613;
0.024178, 0.000000, -0.024178, 0.030290;
-0.031375, 0.000000, 0.031375, -0.053747;
0.078569, 0.000000, -0.078569, 0.116449;
0.051515, 0.000000, -0.051515, 0.000088;
-0.003450, 0.000000, 0.003450, 0.015729;
0.051515, 0.000000, -0.051515, 0.067661;
0.105339, 0.000000, -0.105339, 0.107328;
0.105339, 0.000000, -0.105339, 0.100801;
0.078569, 0.000000, -0.078569, 0.074101;
0.024178, 0.000000, -0.024178, -0.004861;
0.024178, 0.000000, -0.024178, 0.003585;
-0.003450, 0.000000, 0.003450, -0.050700;
0.024178, 0.000000, -0.024178, 0.035148;
0.024178, 0.000000, -0.024178, 0.024680;
-0.003450, 0.000000, 0.003450, 0.019177;
-0.003450, 0.000000, 0.003450, 0.005415;
0.078569, 0.000000, -0.078569, 0.091866;
0.051515, 0.000000, -0.051515, 0.008437;
-0.088125, 0.000000, 0.088125, -0.124611;
-0.059597, 0.000000, 0.059597, -0.044203;
0.078569, 0.000000, -0.078569, 0.089556;
0.051515, 0.000000, -0.051515, 0.042636;
0.024178, 0.000000, -0.024178, 0.075569;
0.051515, 0.000000, -0.051515, 0.067894;
0.024178, 0.000000, -0.024178, -0.012804;
0.024178, 0.000000, -0.024178, -0.006624;
0.105339, 0.000000, -0.105339, 0.101256;
0.051515, 0.000000, -0.051515, 0.025806;
0.024178, 1.000000, 0.975822, 0.066069;
0.105339, 1.000000, 0.894661, 0.131641;
0.131834, 1.000000, 0.868166, 0.114661;
0.051515, 1.000000, 0.948485, 0.014205;
0.105339, 1.000000, 0.894661, 0.145435;
0.105339, 1.000000, 0.894661, 0.115234;
0.051515, 1.000000, 0.948485, 0.122580;
0.158056, 1.000000, 0.841944, 0.285402;
0.309895, 1.000000, 0.690105, 0.422950;
0.498749, 1.000000, 0.501251, 0.650389;
0.565887, 1.000000, 0.434113, 0.668568;
0.715376, 1.000000, 0.284624, 0.866151;
0.894062, 1.000000, 0.105938, 0.972065;
0.931866, 1.000000, 0.068134, 0.960217;
0.913049, 1.000000, 0.086951, 0.927548;
1.111435, 1.000000, -0.111435, 1.183012;
1.179138, 1.000000, -0.179138, 1.162012;
0.969022, 1.000000, 0.030978, 0.939169;
0.913049, 1.000000, 0.086951, 0.927148;
1.212163, 1.000000, -0.212163, 1.250413;
1.228476, 1.000000, -0.228476, 1.155813;
1.023565, 1.000000, -0.023565, 1.038024;
0.855585, 1.000000, 0.144415, 0.840874;
0.855585, 1.000000, 0.144415, 0.816981;
0.796576, 1.000000, 0.203424, 0.678260;
0.816422, 1.000000, 0.183578, 0.824704;
0.913049, 1.000000, 0.086951, 0.990232;
0.969022, 1.000000, 0.030978, 1.096672;
1.041439, 1.000000, -0.041439, 1.164336;
1.111435, 1.000000, -0.111435, 1.150507;
1.179138, 1.000000, -0.179138, 1.154135;
1.111435, 1.000000, -0.111435, 1.015882;
1.005538, 1.000000, -0.005538, 0.949490;
1.128574, 1.000000, -0.128574, 1.167523;
1.145567, 1.000000, -0.145567, 1.138346;
1.094155, 1.000000, -0.094155, 1.145342;
1.076732, 1.000000, -0.076732, 1.087828;
1.244655, 1.000000, -0.244655, 1.274406;
1.276624, 1.000000, -0.276624, 1.207711;
1.128574, 1.000000, -0.128574, 1.086790;
1.005538, 1.000000, -0.005538, 0.970411;
1.059158, 1.000000, -0.059158, 1.046251;
1.162423, 1.000000, -0.162423, 1.139346;
1.179138, 1.000000, -0.179138, 1.189179;
0.987357, 1.000000, 0.012643, 0.966958;
0.969022, 1.000000, 0.030978, 1.009581;
1.041439, 1.000000, -0.041439, 0.987685;
0.969022, 1.000000, 0.030978, 0.892494;
0.874910, 1.000000, 0.125090, 0.855762;
0.855585, 1.000000, 0.144415, 0.878477;
0.836090, 1.000000, 0.163910, 0.855505;
0.931866, 1.000000, 0.068134, 1.000665;
1.023565, 1.000000, -0.023565, 1.061686;
1.059158, 1.000000, -0.059158, 1.108166;
1.179138, 1.000000, -0.179138, 1.249827;
1.276624, 1.000000, -0.276624, 1.300039;
1.228476, 1.000000, -0.228476, 1.203626;
1.145567, 1.000000, -0.145567, 1.102279;
1.128574, 1.000000, -0.128574, 1.068709;
1.128574, 1.000000, -0.128574, 1.065695;
1.094155, 1.000000, -0.094155, 1.063788;
1.128574, 1.000000, -0.128574, 1.168277;
1.228476, 1.000000, -0.228476, 1.283956;
1.179138, 1.000000, -0.179138, 1.168941;
1.145567, 1.000000, -0.145567, 1.140979;
1.128574, 1.000000, -0.128574, 1.055242;
1.128574, 1.000000, -0.128574, 1.069344;
1.094155, 1.000000, -0.094155, 1.046791;
0.969022, 1.000000, 0.030978, 0.945168;
1.023565, 1.000000, -0.023565, 1.081114;
0.969022, 1.000000, 0.030978, 0.922828;
0.874910, 1.000000, 0.125090, 0.864505;
0.969022, 1.000000, 0.030978, 0.984806;
0.969022, 1.000000, 0.030978, 0.939793;
0.836090, 1.000000, 0.163910, 0.836262;
0.796576, 1.000000, 0.203424, 0.829743;
0.894062, 1.000000, 0.105938, 0.924511;
0.969022, 1.000000, 0.030978, 0.984983;
1.041439, 1.000000, -0.041439, 1.106557;
1.128574, 1.000000, -0.128574, 1.205713;
1.195718, 1.000000, -0.195718, 1.252592;
1.212163, 1.000000, -0.212163, 1.215746;
1.276624, 1.000000, -0.276624, 1.266155;
1.276624, 1.000000, -0.276624, 1.210537;
1.228476, 1.000000, -0.228476, 1.185799;
1.179138, 1.000000, -0.179138, 1.143006;
1.195718, 1.000000, -0.195718, 1.188829;
1.162423, 1.000000, -0.162423, 1.122050;
1.023565, 1.000000, -0.023565, 0.968226;
0.894062, 1.000000, 0.105938, 0.835350;
0.931866, 1.000000, 0.068134, 0.909709;
0.931866, 1.000000, 0.068134, 0.892540;
0.931866, 1.000000, 0.068134, 0.981001;
0.987357, 1.000000, 0.012643, 1.063498;
1.094155, 1.000000, -0.094155, 1.175848;
