pextSUB=[-0.116965, 0.000000, 0.116965, -0.160909, 0.115702;
-0.175583, 0.000000, 0.175583, -0.182580, 0.448892;
-0.235505, 0.000000, 0.235505, -0.285184, 0.381719;
-0.235505, 0.000000, 0.235505, -0.226702, 0.225388;
-0.116965, 0.000000, 0.116965, -0.056181, -0.267186;
-0.116965, 0.000000, 0.116965, -0.068260, -0.610481;
-0.088125, 0.000000, 0.088125, 0.013861, -0.235491;
-0.003450, 0.000000, 0.003450, 0.045007, 0.053293;
0.024178, 0.000000, -0.024178, 0.016529, 0.187671;
-0.059597, 0.000000, 0.059597, -0.112909, 0.277547;
-0.088125, 0.000000, 0.088125, -0.105194, 0.361548;
-0.059597, 0.000000, 0.059597, -0.069593, 0.054229;
-0.088125, 0.000000, 0.088125, -0.083294, -0.216935;
-0.146114, 0.000000, 0.146114, -0.119170, -0.101092;
-0.205380, 0.000000, 0.205380, -0.195010, 0.227858;
-0.116965, 0.000000, 0.116965, -0.079914, 0.355621;
-0.116965, 0.000000, 0.116965, -0.145998, -0.028836;
-0.088125, 0.000000, 0.088125, -0.034741, -0.112590;
-0.088125, 0.000000, 0.088125, -0.064949, -0.243631;
-0.116965, 0.000000, 0.116965, -0.081391, 0.028426;
-0.088125, 0.000000, 0.088125, -0.068069, 0.234403;
-0.088125, 0.000000, 0.088125, -0.103765, 0.193622;
-0.088125, 0.000000, 0.088125, -0.085641, 0.101572;
-0.059597, 0.000000, 0.059597, -0.038706, -0.084365;
0.024178, 0.000000, -0.024178, 0.079975, -0.268224;
0.024178, 0.000000, -0.024178, 0.047316, -0.336323;
-0.059597, 0.000000, 0.059597, -0.054272, 0.093660;
-0.088125, 0.000000, 0.088125, -0.103669, 0.533769;
-0.088125, 0.000000, 0.088125, -0.136405, 0.469208;
-0.088125, 0.000000, 0.088125, -0.112025, 0.088237;
-0.116965, 0.000000, 0.116965, -0.106315, -0.253400;
-0.205380, 0.000000, 0.205380, -0.180566, -0.156572;
-0.205380, 0.000000, 0.205380, -0.154873, 0.232685;
-0.146114, 0.000000, 0.146114, -0.130972, 0.250647;
-0.175583, 0.000000, 0.175583, -0.190415, 0.103145;
-0.116965, 0.000000, 0.116965, -0.064613, 0.020151;
-0.088125, 0.000000, 0.088125, -0.064070, -0.264425;
-0.088125, 0.000000, 0.088125, -0.035611, -0.154293;
-0.088125, 0.000000, 0.088125, -0.062105, 0.054778;
-0.088125, 0.000000, 0.088125, -0.082777, 0.254895;
-0.088125, 0.000000, 0.088125, -0.101415, 0.247091;
-0.088125, 0.000000, 0.088125, -0.092387, 0.093336;
-0.088125, 0.000000, 0.088125, -0.073744, -0.079636;
-0.003450, 0.000000, 0.003450, 0.058935, -0.208211;
-0.003450, 0.000000, 0.003450, 0.015162, -0.313638;
-0.031375, 0.000000, 0.031375, -0.000807, 0.046577;
0.024178, 0.000000, -0.024178, 0.036755, 0.245210;
0.024178, 0.000000, -0.024178, -0.011036, 0.119035;
0.158056, 0.000000, -0.158056, 0.205285, -0.107315;
0.406168, 0.000000, -0.406168, 0.481641, -0.823809;
0.498749, 0.000000, -0.498749, 0.558929, -1.188243;
0.565887, 0.000000, -0.565887, 0.640402, -0.640201;
0.543721, 0.000000, -0.543721, 0.485740, 0.077043;
0.475939, 0.000000, -0.475939, 0.344842, 0.728734;
0.429651, 0.000000, -0.429651, 0.256972, 0.648254;
0.406168, 0.000000, -0.406168, 0.279694, 0.003710;
0.309895, 0.000000, -0.309895, 0.233456, -0.585944;
0.184011, 0.000000, -0.184011, 0.168143, -0.428559;
0.209697, 0.000000, -0.209697, 0.224283, 0.018433;
0.209697, 0.000000, -0.209697, 0.143422, 0.108308;
0.158056, 0.000000, -0.158056, 0.087899, 0.188571;
0.209697, 0.000000, -0.209697, 0.179919, 0.011604;
0.209697, 0.000000, -0.209697, 0.167598, -0.393317;
0.235131, 0.000000, -0.235131, 0.258204, -0.413177;
0.285224, 0.000000, -0.285224, 0.293464, -0.374603;
0.309895, 0.000000, -0.309895, 0.297633, -0.184271;
0.429651, 0.000000, -0.429651, 0.428798, -0.116253;
0.498749, 0.000000, -0.498749, 0.449324, -0.394720;
0.498749, 0.000000, -0.498749, 0.462028, -0.407610;
0.498749, 0.000000, -0.498749, 0.455136, -0.251706;
0.475939, 0.000000, -0.475939, 0.402086, -0.062320;
0.429651, 0.000000, -0.429651, 0.333622, 0.082130;
0.406168, 0.000000, -0.406168, 0.314480, 0.063072;
0.358506, 0.000000, -0.358506, 0.264872, -0.117560;
0.260302, 0.000000, -0.260302, 0.180015, -0.131772;
0.235131, 0.000000, -0.235131, 0.194392, -0.016311;
0.105339, 0.000000, -0.105339, 0.003794, 0.029577;
-0.059597, 0.000000, 0.059597, -0.141094, 0.427742;
-0.003450, 0.000000, 0.003450, -0.030670, 0.412617;
0.024178, 0.000000, -0.024178, -0.026458, -0.267521;
-0.088125, 0.000000, 0.088125, -0.095448, -0.434562;
-0.116965, 0.000000, 0.116965, -0.070651, -0.058111;
-0.116965, 0.000000, 0.116965, -0.121092, 0.190229;
-0.116965, 0.000000, 0.116965, -0.134508, 0.300171;
-0.116965, 0.000000, 0.116965, -0.139285, 0.134432;
-0.116965, 0.000000, 0.116965, -0.111562, -0.085182;
-0.116965, 0.000000, 0.116965, -0.089430, -0.201452;
-0.088125, 0.000000, 0.088125, -0.041782, -0.146802;
-0.116965, 0.000000, 0.116965, -0.110134, -0.004848;
-0.088125, 0.000000, 0.088125, -0.062411, 0.230937;
-0.116965, 0.000000, 0.116965, -0.151074, 0.151744;
-0.088125, 0.000000, 0.088125, -0.065407, 0.130558;
-0.031375, 0.000000, 0.031375, -0.014326, -0.199457;
-0.003450, 0.000000, 0.003450, 0.039299, -0.332243;
-0.059597, 0.000000, 0.059597, -0.046419, -0.147509;
-0.003450, 0.000000, 0.003450, 0.041080, 0.238213;
0.024178, 0.000000, -0.024178, -0.008814, 0.118184;
-0.003450, 0.000000, 0.003450, -0.020108, 0.073315;
0.024178, 0.000000, -0.024178, 0.033645, -0.042554;
-0.031375, 0.000000, 0.031375, -0.049880, -0.129814;
-0.088125, 0.000000, 0.088125, -0.081164, 0.141745;
-0.003450, 0.000000, 0.003450, 0.021477, 0.176339;
0.024178, 0.000000, -0.024178, 0.008423, -0.152133;
-0.059597, 0.000000, 0.059597, -0.066149, -0.116360;
-0.088125, 0.000000, 0.088125, -0.071995, 0.172915;
-0.031375, 0.000000, 0.031375, -0.023276, 0.182802;
-0.003450, 0.000000, 0.003450, -0.010342, -0.063612;
0.024178, 0.000000, -0.024178, 0.050471, -0.209705;
0.051515, 0.000000, -0.051515, 0.080778, -0.257275;
0.105339, 0.000000, -0.105339, 0.142654, -0.159129;
0.209697, 0.000000, -0.209697, 0.240224, -0.166235;
0.209697, 0.000000, -0.209697, 0.186850, -0.213373;
0.260302, 0.000000, -0.260302, 0.275132, -0.042571;
0.475939, 0.000000, -0.475939, 0.509715, -0.329778;
0.631147, 0.000000, -0.631147, 0.640963, -0.884422;
0.609598, 0.000000, -0.609598, 0.601505, -0.800547;
0.631147, 0.000000, -0.631147, 0.623860, -0.135678;
0.776551, 0.000000, -0.776551, 0.718916, 0.074294;
0.874910, 0.000000, -0.874910, 0.766367, -0.316544;
0.816422, 0.000000, -0.816422, 0.699032, -0.578964;
0.776551, 0.000000, -0.776551, 0.704351, -0.372231;
0.816422, 0.000000, -0.816422, 0.733254, -0.247379;
0.796576, 0.000000, -0.796576, 0.669657, -0.257306;
0.673648, 0.000000, -0.673648, 0.523277, -0.094243;
0.565887, 0.000000, -0.565887, 0.423556, 0.161814;
0.587846, 0.000000, -0.587846, 0.476649, 0.050409;
0.565887, 0.000000, -0.565887, 0.445278, -0.425433;
0.475939, 0.000000, -0.475939, 0.398672, -0.487295;
0.429651, 0.000000, -0.429651, 0.373967, -0.225168;
0.521344, 0.000000, -0.521344, 0.482926, -0.119429;
0.543721, 0.000000, -0.543721, 0.449842, -0.376022;
0.587846, 0.000000, -0.587846, 0.549640, -0.415933;
0.587846, 0.000000, -0.587846, 0.513757, -0.502907;
0.609598, 0.000000, -0.609598, 0.563174, -0.301133;
0.609598, 0.000000, -0.609598, 0.515544, -0.237573;
0.609598, 0.000000, -0.609598, 0.521417, -0.139476;
0.673648, 0.000000, -0.673648, 0.595838, -0.288461;
0.694607, 0.000000, -0.694607, 0.608635, -0.555061;
0.694607, 0.000000, -0.694607, 0.632653, -0.537134;
0.694607, 0.000000, -0.694607, 0.619152, -0.373105;
0.673648, 0.000000, -0.673648, 0.570482, -0.160304;
0.631147, 0.000000, -0.631147, 0.503410, -0.026184;
0.631147, 0.000000, -0.631147, 0.517577, -0.080877;
0.609598, 0.000000, -0.609598, 0.493959, -0.344815;
0.609598, 0.000000, -0.609598, 0.541140, -0.457951;
0.609598, 0.000000, -0.609598, 0.540515, -0.494622;
0.543721, 0.000000, -0.543721, 0.452805, -0.274012;
0.587846, 0.000000, -0.587846, 0.524320, -0.023728;
0.609598, 0.000000, -0.609598, 0.493240, -0.247028;
0.609598, 0.000000, -0.609598, 0.529337, -0.375909;
0.609598, 0.000000, -0.609598, 0.535031, -0.474135;
0.631147, 0.000000, -0.631147, 0.574142, -0.414034;
0.609598, 0.000000, -0.609598, 0.518497, -0.318532;
