stepSUB=[0.051515, 0.000000, -0.051515, 0.119102;
0.105339, 0.000000, -0.105339, 0.166081;
0.051515, 0.000000, -0.051515, -0.049105;
0.024178, 0.000000, -0.024178, -0.018713;
-0.059597, 0.000000, 0.059597, -0.135996;
-0.003450, 0.000000, 0.003450, 0.096028;
-0.059597, 0.000000, 0.059597, -0.121827;
-0.088125, 0.000000, 0.088125, -0.143680;
0.051515, 0.000000, -0.051515, 0.260598;
0.105339, 0.000000, -0.105339, 0.164362;
0.024178, 0.000000, -0.024178, -0.152741;
0.105339, 0.000000, -0.105339, 0.213155;
0.051515, 0.000000, -0.051515, 0.014563;
-0.059597, 0.000000, 0.059597, -0.230083;
-0.088125, 0.000000, 0.088125, -0.091677;
-0.003450, 0.000000, 0.003450, 0.160730;
-0.003450, 0.000000, 0.003450, -0.020107;
-0.003450, 0.000000, 0.003450, -0.048640;
0.024178, 0.000000, -0.024178, 0.067925;
-0.003450, 0.000000, 0.003450, -0.033504;
-0.059597, 0.000000, 0.059597, -0.141317;
-0.116965, 0.000000, 0.116965, -0.171984;
-0.116965, 0.000000, 0.116965, -0.082931;
-0.088125, 0.000000, 0.088125, -0.034468;
-0.003450, 0.000000, 0.003450, 0.093616;
-0.031375, 0.000000, 0.031375, -0.097334;
0.024178, 0.000000, -0.024178, 0.075766;
0.024178, 0.000000, -0.024178, 0.033695;
-0.003450, 0.000000, 0.003450, -0.056272;
-0.003450, 0.000000, 0.003450, 0.000033;
0.024178, 0.000000, -0.024178, 0.075199;
0.024178, 0.000000, -0.024178, 0.017014;
-0.031375, 0.000000, 0.031375, -0.118557;
-0.031375, 0.000000, 0.031375, -0.018180;
0.078569, 0.000000, -0.078569, 0.247344;
0.105339, 0.000000, -0.105339, 0.114677;
0.105339, 0.000000, -0.105339, 0.052426;
0.105339, 0.000000, -0.105339, 0.104078;
0.184011, 0.000000, -0.184011, 0.299918;
0.105339, 0.000000, -0.105339, -0.014903;
0.024178, 0.000000, -0.024178, -0.101873;
0.078569, 0.000000, -0.078569, 0.199994;
0.105339, 0.000000, -0.105339, 0.162637;
0.078569, 0.000000, -0.078569, 0.001824;
0.158056, 0.000000, -0.158056, 0.252848;
0.131834, 0.000000, -0.131834, 0.103116;
0.024178, 0.000000, -0.024178, -0.142344;
0.051515, 0.000000, -0.051515, 0.116457;
0.105339, 0.000000, -0.105339, 0.216349;
0.024178, 0.000000, -0.024178, -0.114069;
0.078569, 0.000000, -0.078569, 0.135021;
0.184011, 0.000000, -0.184011, 0.352082;
0.158056, 0.000000, -0.158056, 0.083988;
0.051515, 0.000000, -0.051515, -0.131214;
0.184011, 0.000000, -0.184011, 0.399598;
0.158056, 0.000000, -0.158056, 0.147229;
-0.031375, 0.000000, 0.031375, -0.340515;
0.024178, 0.000000, -0.024178, 0.139135;
0.105339, 0.000000, -0.105339, 0.287303;
-0.031375, 0.000000, 0.031375, -0.263957;
-0.088125, 0.000000, 0.088125, -0.185156;
0.051515, 0.000000, -0.051515, 0.313931;
0.024178, 0.000000, -0.024178, -0.014909;
-0.059597, 0.000000, 0.059597, -0.239064;
0.105339, 0.000000, -0.105339, 0.353444;
0.131834, 0.000000, -0.131834, 0.184099;
0.051515, 0.000000, -0.051515, -0.132948;
0.105339, 0.000000, -0.105339, 0.180093;
0.209697, 0.000000, -0.209697, 0.387026;
0.105339, 0.000000, -0.105339, -0.077353;
0.105339, 0.000000, -0.105339, 0.075085;
0.105339, 0.000000, -0.105339, 0.158021;
0.051515, 0.000000, -0.051515, -0.015927;
-0.059597, 0.000000, 0.059597, -0.210615;
0.024178, 0.000000, -0.024178, 0.174906;
0.131834, 0.000000, -0.131834, 0.298982;
0.078569, 0.000000, -0.078569, -0.056728;
0.024178, 0.000000, -0.024178, -0.082294;
0.078569, 0.000000, -0.078569, 0.199344;
0.078569, 0.000000, -0.078569, 0.094564;
-0.031375, 0.000000, 0.031375, -0.211588;
-0.003450, 0.000000, 0.003450, 0.051462;
-0.003450, 0.000000, 0.003450, 0.041970;
-0.059597, 0.000000, 0.059597, -0.151728;
-0.088125, 0.000000, 0.088125, -0.125537;
0.051515, 0.000000, -0.051515, 0.267382;
0.078569, 0.000000, -0.078569, 0.097165;
-0.031375, 0.000000, 0.031375, -0.242340;
-0.003450, 0.000000, 0.003450, 0.051784;
-0.031375, 0.000000, 0.031375, -0.014558;
-0.088125, 0.000000, 0.088125, -0.176380;
-0.088125, 0.000000, 0.088125, -0.079409;
-0.003450, 0.000000, 0.003450, 0.133650;
-0.031375, 0.000000, 0.031375, -0.087130;
-0.003450, 0.000000, 0.003450, 0.000615;
0.105339, 0.000000, -0.105339, 0.261000;
0.078569, 0.000000, -0.078569, 0.019720;
-0.031375, 0.000000, 0.031375, -0.215341;
0.024178, 0.000000, -0.024178, 0.136226;
-0.003450, 1.000000, 1.003450, -0.000029;
-0.088125, 1.000000, 1.088125, -0.248362;
-0.003450, 1.000000, 1.003450, 0.140242;
0.078569, 1.000000, 0.921431, 0.227133;
0.078569, 1.000000, 0.921431, 0.031883;
0.078569, 1.000000, 0.921431, 0.051196;
0.184011, 1.000000, 0.815989, 0.348276;
0.285224, 1.000000, 0.714776, 0.414979;
0.309895, 1.000000, 0.690105, 0.286229;
0.521344, 1.000000, 0.478656, 0.768944;
0.521344, 1.000000, 0.478656, 0.496924;
0.543721, 1.000000, 0.456279, 0.507759;
0.673648, 1.000000, 0.326352, 0.856517;
0.816422, 1.000000, 0.183578, 0.992530;
0.776551, 1.000000, 0.223449, 0.648714;
0.855585, 1.000000, 0.144415, 0.922615;
1.162423, 1.000000, -0.162423, 1.590266;
1.076732, 1.000000, -0.076732, 0.885081;
0.913049, 1.000000, 0.086951, 0.593851;
1.212163, 1.000000, -0.212163, 1.695522;
1.292418, 1.000000, -0.292418, 1.425634;
1.128574, 1.000000, -0.128574, 0.755239;
1.292418, 1.000000, -0.292418, 1.507504;
1.414382, 1.000000, -0.414382, 1.645972;
1.323635, 1.000000, -0.323635, 1.109958;
1.308090, 1.000000, -0.308090, 1.240451;
1.369540, 1.000000, -0.369540, 1.512006;
1.369540, 1.000000, -0.369540, 1.368154;
1.354359, 1.000000, -0.354359, 1.289946;
1.414382, 1.000000, -0.414382, 1.494792;
1.486854, 1.000000, -0.486854, 1.583473;
1.486854, 1.000000, -0.486854, 1.444207;
1.458200, 1.000000, -0.458200, 1.389160;
1.472580, 1.000000, -0.472580, 1.504148;
1.429100, 1.000000, -0.429100, 1.381896;
1.414382, 1.000000, -0.414382, 1.387910;
1.414382, 1.000000, -0.414382, 1.426315;
1.339057, 1.000000, -0.339057, 1.241814;
1.308090, 1.000000, -0.308090, 1.273435;
1.292418, 1.000000, -0.292418, 1.301548;
1.308090, 1.000000, -0.308090, 1.336146;
1.339057, 1.000000, -0.339057, 1.370697;
1.354359, 1.000000, -0.354359, 1.357339;
1.308090, 1.000000, -0.308090, 1.231894;
1.292418, 1.000000, -0.292418, 1.275955;
1.228476, 1.000000, -0.228476, 1.165206;
1.145567, 1.000000, -0.145567, 1.048932;
1.228476, 1.000000, -0.228476, 1.368490;
1.323635, 1.000000, -0.323635, 1.457290;
1.195718, 1.000000, -0.195718, 0.966355;
1.128574, 1.000000, -0.128574, 1.026330;
1.228476, 1.000000, -0.228476, 1.436066;
1.228476, 1.000000, -0.228476, 1.232062;
1.162423, 1.000000, -0.162423, 1.014247;
1.260705, 1.000000, -0.260705, 1.402668;
1.244655, 1.000000, -0.244655, 1.243446;
1.162423, 1.000000, -0.162423, 1.011961;
1.145567, 1.000000, -0.145567, 1.139814;
1.228476, 1.000000, -0.228476, 1.380142;
1.276624, 1.000000, -0.276624, 1.321359;
1.212163, 1.000000, -0.212163, 1.073733;
1.162423, 1.000000, -0.162423, 1.096140;
1.244655, 1.000000, -0.244655, 1.398343;
1.228476, 1.000000, -0.228476, 1.205668;
1.041439, 1.000000, -0.041439, 0.752672;
1.059158, 1.000000, -0.059158, 1.124919;
1.128574, 1.000000, -0.128574, 1.295950;
0.969022, 1.000000, 0.030978, 0.722654;
0.913049, 1.000000, 0.086951, 0.824400;
1.023565, 1.000000, -0.023565, 1.251638;
1.005538, 1.000000, -0.005538, 0.981831;
0.950526, 1.000000, 0.049474, 0.817334;
1.005538, 1.000000, -0.005538, 1.099269;
1.059158, 1.000000, -0.059158, 1.155421;
1.059158, 1.000000, -0.059158, 1.020334;
1.195718, 1.000000, -0.195718, 1.349393;
1.195718, 1.000000, -0.195718, 1.180831;
0.987357, 1.000000, 0.012643, 0.667031;
1.005538, 1.000000, -0.005538, 1.073800;
1.128574, 1.000000, -0.128574, 1.375816;
1.059158, 1.000000, -0.059158, 0.920144;
1.005538, 1.000000, -0.005538, 0.880413;
1.244655, 1.000000, -0.244655, 1.610893;
1.179138, 1.000000, -0.179138, 1.078822;
0.987357, 1.000000, 0.012643, 0.640828;
1.059158, 1.000000, -0.059158, 1.222957;
1.195718, 1.000000, -0.195718, 1.455176;
1.076732, 1.000000, -0.076732, 0.842513;
0.950526, 1.000000, 0.049474, 0.737115;
1.059158, 1.000000, -0.059158, 1.294350;
1.111435, 1.000000, -0.111435, 1.214589;
1.023565, 1.000000, -0.023565, 0.829200;
0.931866, 1.000000, 0.068134, 0.803244;
1.005538, 1.000000, -0.005538, 1.174642;
1.059158, 1.000000, -0.059158, 1.148669;
