pextARX=[-0.841282, 0.000000, 0.841282, -1.157358, 0.832195;
-0.804122, 0.000000, 0.804122, -0.682083, 2.774875;
-0.767418, 0.000000, 0.767418, -1.007961, 0.749615;
-0.767418, 0.000000, 0.767418, -0.628093, -0.438294;
-0.731154, 0.000000, 0.731154, -0.534470, -1.469999;
-0.590393, 0.000000, 0.590393, -0.253365, -0.881694;
-0.489111, 0.000000, 0.489111, -0.319626, -0.014878;
-0.391298, 0.000000, 0.391298, -0.305716, 0.936594;
-0.359434, 0.000000, 0.359434, -0.406453, 0.919624;
-0.265970, 0.000000, 0.265970, -0.242785, 0.361348;
-0.327925, 0.000000, 0.327925, -0.319286, -0.457873;
-0.359434, 0.000000, 0.359434, -0.223835, -0.292721;
-0.296775, 0.000000, 0.296775, -0.188801, -0.016053;
-0.327925, 0.000000, 0.327925, -0.295807, 0.345387;
-0.456134, 0.000000, 0.456134, -0.480957, 0.774195;
-0.522477, 0.000000, 0.522477, -0.540399, 0.924820;
-0.659933, 0.000000, 0.659933, -0.708076, 0.595045;
-0.841282, 0.000000, 0.841282, -0.826875, 0.503218;
-0.804122, 0.000000, 0.804122, -0.683634, 0.373218;
-0.731154, 0.000000, 0.731154, -0.612148, -0.119413;
-0.624955, 0.000000, 0.624955, -0.438409, -0.274370;
-0.624955, 0.000000, 0.624955, -0.497589, -0.158481;
-0.624955, 0.000000, 0.624955, -0.500370, 0.475617;
-0.556236, 0.000000, 0.556236, -0.488413, 0.695251;
-0.423526, 0.000000, 0.423526, -0.348169, 0.344539;
-0.456134, 0.000000, 0.456134, -0.414796, -0.189436;
-0.489111, 0.000000, 0.489111, -0.367108, -0.007554;
-0.423526, 0.000000, 0.423526, -0.313213, 0.177528;
-0.296775, 0.000000, 0.296775, -0.195561, 0.161290;
-0.359434, 0.000000, 0.359434, -0.343706, 0.070031;
-0.489111, 0.000000, 0.489111, -0.455309, 0.538032;
-0.456134, 0.000000, 0.456134, -0.409722, 0.713578;
-0.456134, 0.000000, 0.456134, -0.448236, 0.305947;
-0.659933, 0.000000, 0.659933, -0.660610, 0.226371;
-0.659933, 0.000000, 0.659933, -0.542844, 0.550732;
-0.556236, 0.000000, 0.556236, -0.474906, 0.181769;
-0.391298, 0.000000, 0.391298, -0.239900, -0.245512;
-0.456134, 0.000000, 0.456134, -0.382710, -0.446966;
-0.590393, 0.000000, 0.590393, -0.492766, 0.449178;
-0.522477, 0.000000, 0.522477, -0.457704, 1.004700;
-0.556236, 0.000000, 0.556236, -0.594635, 0.696577;
-0.590393, 0.000000, 0.590393, -0.545389, 0.375817;
-0.624955, 0.000000, 0.624955, -0.555078, -0.041207;
-0.624955, 0.000000, 0.624955, -0.491337, -0.031212;
-0.624955, 0.000000, 0.624955, -0.515072, 0.141117;
-0.522477, 0.000000, 0.522477, -0.391468, 0.355529;
-0.391298, 0.000000, 0.391298, -0.297655, 0.093637;
-0.391298, 0.000000, 0.391298, -0.320427, -0.085255;
-0.456134, 0.000000, 0.456134, -0.383818, 0.190083;
-0.391298, 0.000000, 0.391298, -0.301092, 0.461610;
-0.456134, 0.000000, 0.456134, -0.463696, 0.353695;
-0.590393, 0.000000, 0.590393, -0.570248, 0.603163;
-0.522477, 0.000000, 0.522477, -0.446018, 0.542812;
-0.590393, 0.000000, 0.590393, -0.578689, 0.070930;
-0.659933, 0.000000, 0.659933, -0.557725, 0.234245;
-0.522477, 0.000000, 0.522477, -0.382278, 0.182180;
-0.489111, 0.000000, 0.489111, -0.411332, -0.103743;
-0.456134, 0.000000, 0.456134, -0.329916, 0.076231;
-0.327925, 0.000000, 0.327925, -0.212233, 0.077970;
-0.327925, 0.000000, 0.327925, -0.277747, 0.025036;
-0.359434, 0.000000, 0.359434, -0.298081, 0.320674;
-0.391298, 0.000000, 0.391298, -0.369436, 0.474304;
-0.456134, 0.000000, 0.456134, -0.448915, 0.529479;
-0.556236, 0.000000, 0.556236, -0.553039, 0.509178;
-0.522477, 0.000000, 0.522477, -0.447623, 0.378706;
-0.590393, 0.000000, 0.590393, -0.559681, 0.022487;
-0.556236, 0.000000, 0.556236, -0.418229, 0.160723;
-0.489111, 0.000000, 0.489111, -0.394920, 0.004120;
-0.590393, 0.000000, 0.590393, -0.536660, 0.209640;
-0.624955, 0.000000, 0.624955, -0.548510, 0.687334;
-0.522477, 0.000000, 0.522477, -0.455617, 0.549305;
-0.489111, 0.000000, 0.489111, -0.436068, 0.008614;
-0.456134, 0.000000, 0.456134, -0.333045, -0.205588;
-0.359434, 0.000000, 0.359434, -0.214941, -0.236948;
-0.327925, 0.000000, 0.327925, -0.229964, -0.062471;
-0.359434, 0.000000, 0.359434, -0.304026, 0.389016;
-0.359434, 0.000000, 0.359434, -0.335636, 0.672730;
-0.423526, 0.000000, 0.423526, -0.448002, 0.559243;
-0.456134, 0.000000, 0.456134, -0.426265, 0.384896;
-0.489111, 0.000000, 0.489111, -0.445613, 0.072098;
-0.556236, 0.000000, 0.556236, -0.484299, 0.085842;
-0.489111, 0.000000, 0.489111, -0.369432, 0.225499;
-0.489111, 0.000000, 0.489111, -0.436674, 0.130996;
-0.590393, 0.000000, 0.590393, -0.543868, 0.407046;
-0.624955, 0.000000, 0.624955, -0.572935, 0.670024;
-0.590393, 0.000000, 0.590393, -0.538911, 0.494744;
-0.624955, 0.000000, 0.624955, -0.576057, 0.143085;
-0.522477, 0.000000, 0.522477, -0.369418, -0.019038;
-0.391298, 0.000000, 0.391298, -0.253684, -0.381596;
-0.359434, 0.000000, 0.359434, -0.231155, -0.268977;
-0.359434, 0.000000, 0.359434, -0.267485, 0.233130;
-0.327925, 0.000000, 0.327925, -0.282695, 0.611611;
-0.423526, 0.000000, 0.423526, -0.463924, 0.634453;
-0.489111, 0.000000, 0.489111, -0.478118, 0.649046;
-0.489111, 0.000000, 0.489111, -0.456838, 0.256435;
-0.456134, 0.000000, 0.456134, -0.363749, -0.123035;
-0.456134, 0.000000, 0.456134, -0.351334, -0.244149;
-0.456134, 0.000000, 0.456134, -0.344575, 0.085165;
-0.556236, 0.000000, 0.556236, -0.531047, 0.536957;
-0.590393, 0.000000, 0.590393, -0.558264, 0.962641;
-0.590393, 0.000000, 0.590393, -0.590993, 0.646784;
-0.590393, 0.000000, 0.590393, -0.532092, 0.135562;
-0.590393, 0.000000, 0.590393, -0.480913, -0.227852;
-0.489111, 0.000000, 0.489111, -0.312969, -0.224900;
-0.359434, 0.000000, 0.359434, -0.212635, -0.202017;
-0.327925, 0.000000, 0.327925, -0.236017, 0.038778;
-0.327925, 0.000000, 0.327925, -0.272039, 0.430114;
-0.391298, 0.000000, 0.391298, -0.400312, 0.625969;
-0.456134, 0.000000, 0.456134, -0.459986, 0.669986;
-0.456134, 0.000000, 0.456134, -0.429059, 0.367451;
-0.456134, 0.000000, 0.456134, -0.395288, -0.050383;
-0.590393, 0.000000, 0.590393, -0.536659, -0.030198;
-0.522477, 0.000000, 0.522477, -0.378140, 0.409439;
-0.456134, 0.000000, 0.456134, -0.405872, 0.207062;
-0.590393, 0.000000, 0.590393, -0.568553, 0.317813;
-0.659933, 0.000000, 0.659933, -0.600914, 0.680207;
-0.624955, 0.000000, 0.624955, -0.571433, 0.560575;
-0.590393, 0.000000, 0.590393, -0.518792, 0.138929;
-0.556236, 0.000000, 0.556236, -0.438242, -0.157194;
-0.489111, 0.000000, 0.489111, -0.341928, -0.185043;
-0.489111, 0.000000, 0.489111, -0.386888, 0.041309;
-0.489111, 0.000000, 0.489111, -0.407215, 0.495159;
-0.456134, 0.000000, 0.456134, -0.414826, 0.597562;
-0.456134, 0.000000, 0.456134, -0.429325, 0.369487;
-0.456134, 0.000000, 0.456134, -0.392774, 0.112429;
-0.456134, 0.000000, 0.456134, -0.370873, -0.034138;
-0.359434, 0.000000, 0.359434, -0.228350, -0.029174;
-0.327925, 0.000000, 0.327925, -0.252866, -0.079933;
-0.456134, 0.000000, 0.456134, -0.426415, 0.340527;
-0.456134, 0.000000, 0.456134, -0.403805, 0.822696;
-0.489111, 0.000000, 0.489111, -0.514213, 0.588414;
-0.456134, 0.000000, 0.456134, -0.392006, 0.271144;
-0.522477, 0.000000, 0.522477, -0.483171, -0.173428;
-0.590393, 0.000000, 0.590393, -0.479578, 0.123231;
-0.489111, 0.000000, 0.489111, -0.368445, 0.317406;
-0.522477, 0.000000, 0.522477, -0.493945, 0.242250;
-0.590393, 0.000000, 0.590393, -0.532075, 0.510479;
-0.590393, 0.000000, 0.590393, -0.539153, 0.513357;
-0.489111, 0.000000, 0.489111, -0.394030, 0.203169;
-0.522477, 0.000000, 0.522477, -0.462883, -0.191813;
-0.489111, 0.000000, 0.489111, -0.341044, 0.040032;
-0.391298, 0.000000, 0.391298, -0.284550, 0.062141;
-0.359434, 0.000000, 0.359434, -0.283927, 0.133953;
-0.456134, 0.000000, 0.456134, -0.435796, 0.367221;
-0.489111, 0.000000, 0.489111, -0.445899, 0.700497;
-0.489111, 0.000000, 0.489111, -0.475574, 0.503430;
-0.624955, 0.000000, 0.624955, -0.623124, 0.311179;
-0.659933, 0.000000, 0.659933, -0.570782, 0.406062;
-0.624955, 0.000000, 0.624955, -0.541055, 0.195710;
-0.731154, 0.000000, 0.731154, -0.674493, 0.193173;
-0.624955, 0.000000, 0.624955, -0.465480, 0.421940;
-0.590393, 0.000000, 0.590393, -0.531465, 0.048826;
