stairARX=[0.024178, 0.000000, -0.024178, 0.033262;
-0.031375, 0.000000, 0.031375, -0.055352;
-0.031375, 0.000000, 0.031375, -0.017066;
-0.003450, 0.000000, 0.003450, -0.013260;
-0.088125, 0.000000, 0.088125, -0.119859;
-0.088125, 0.000000, 0.088125, -0.065899;
-0.003450, 0.000000, 0.003450, 0.014208;
-0.003450, 0.000000, 0.003450, 0.002384;
-0.003450, 0.000000, 0.003450, 0.033670;
0.105339, 0.000000, -0.105339, 0.154840;
-0.003450, 0.000000, 0.003450, -0.063866;
-0.088125, 0.000000, 0.088125, -0.095798;
-0.116965, 0.000000, 0.116965, -0.178808;
-0.088125, 0.000000, 0.088125, -0.101680;
-0.059597, 0.000000, 0.059597, -0.047559;
-0.003450, 0.000000, 0.003450, 0.077785;
-0.003450, 0.000000, 0.003450, 0.047225;
0.024178, 0.000000, -0.024178, 0.068687;
0.051515, 0.000000, -0.051515, 0.024003;
-0.031375, 0.000000, 0.031375, -0.105243;
-0.088125, 0.000000, 0.088125, -0.125688;
-0.116965, 0.000000, 0.116965, -0.140547;
-0.116965, 0.000000, 0.116965, -0.093699;
-0.116965, 0.000000, 0.116965, -0.082044;
-0.088125, 0.000000, 0.088125, -0.037228;
-0.059597, 0.000000, 0.059597, -0.035980;
-0.003450, 0.000000, 0.003450, 0.021489;
0.024178, 0.000000, -0.024178, 0.024690;
-0.059597, 0.000000, 0.059597, -0.081693;
-0.003450, 0.000000, 0.003450, 0.034953;
-0.059597, 0.000000, 0.059597, -0.113093;
-0.031375, 0.000000, 0.031375, 0.008500;
0.051515, 0.000000, -0.051515, 0.062452;
0.051515, 0.000000, -0.051515, 0.071962;
0.024178, 0.000000, -0.024178, 0.043084;
-0.003450, 0.000000, 0.003450, -0.011814;
-0.031375, 0.000000, 0.031375, -0.069497;
-0.088125, 0.000000, 0.088125, -0.141183;
-0.116965, 0.000000, 0.116965, -0.134141;
-0.059597, 0.000000, 0.059597, -0.026629;
-0.088125, 0.000000, 0.088125, -0.070368;
-0.088125, 0.000000, 0.088125, -0.027666;
-0.031375, 0.000000, 0.031375, -0.005298;
-0.059597, 0.000000, 0.059597, -0.083914;
-0.088125, 0.000000, 0.088125, -0.099552;
-0.088125, 0.000000, 0.088125, -0.098957;
-0.059597, 0.000000, 0.059597, -0.041716;
-0.088125, 0.000000, 0.088125, -0.077204;
-0.088125, 0.000000, 0.088125, -0.046150;
-0.031375, 0.000000, 0.031375, -0.003925;
-0.088125, 0.000000, 0.088125, -0.114263;
-0.088125, 0.000000, 0.088125, -0.071180;
-0.088125, 0.000000, 0.088125, -0.106503;
-0.003450, 0.000000, 0.003450, 0.043665;
-0.059597, 0.000000, 0.059597, -0.074629;
-0.088125, 0.000000, 0.088125, -0.037960;
-0.088125, 0.000000, 0.088125, -0.097873;
-0.059597, 0.000000, 0.059597, -0.058592;
-0.059597, 0.000000, 0.059597, -0.076932;
-0.088125, 0.000000, 0.088125, -0.075318;
-0.116965, 0.000000, 0.116965, -0.099138;
-0.116965, 0.000000, 0.116965, -0.095529;
-0.088125, 0.000000, 0.088125, -0.075707;
-0.116965, 0.000000, 0.116965, -0.125977;
-0.116965, 0.000000, 0.116965, -0.094652;
-0.088125, 0.000000, 0.088125, -0.068768;
-0.088125, 0.000000, 0.088125, -0.069091;
-0.088125, 0.000000, 0.088125, -0.062937;
-0.003450, 0.000000, 0.003450, 0.041682;
-0.003450, 0.000000, 0.003450, -0.007746;
-0.003450, 0.000000, 0.003450, 0.024505;
0.105339, 0.000000, -0.105339, 0.141383;
0.131834, 0.000000, -0.131834, 0.125367;
0.131834, 0.000000, -0.131834, 0.149655;
0.024178, 0.000000, -0.024178, -0.024862;
0.024178, 0.000000, -0.024178, 0.017436;
0.024178, 0.000000, -0.024178, -0.041481;
-0.003450, 0.000000, 0.003450, -0.021450;
-0.088125, 0.000000, 0.088125, -0.105720;
-0.031375, 0.000000, 0.031375, 0.029261;
-0.003450, 0.000000, 0.003450, -0.005715;
-0.116965, 0.000000, 0.116965, -0.136843;
-0.116965, 0.000000, 0.116965, -0.105361;
-0.088125, 0.000000, 0.088125, -0.115274;
-0.088125, 0.000000, 0.088125, -0.086042;
-0.088125, 0.000000, 0.088125, -0.058036;
-0.031375, 0.000000, 0.031375, 0.030593;
0.024178, 0.000000, -0.024178, 0.062751;
-0.003450, 0.000000, 0.003450, -0.002766;
-0.003450, 0.000000, 0.003450, -0.003920;
-0.003450, 0.000000, 0.003450, -0.036798;
-0.059597, 0.000000, 0.059597, -0.094529;
-0.059597, 0.000000, 0.059597, -0.049580;
-0.031375, 0.000000, 0.031375, -0.014437;
-0.003450, 0.000000, 0.003450, 0.031129;
-0.003450, 0.000000, 0.003450, 0.017179;
-0.059597, 0.000000, 0.059597, -0.069187;
-0.003450, 0.000000, 0.003450, 0.010120;
-0.059597, 0.000000, 0.059597, -0.122725;
-0.088125, 0.000000, 0.088125, -0.075724;
-0.088125, 0.000000, 0.088125, -0.089766;
-0.088125, 0.000000, 0.088125, -0.062817;
-0.088125, 0.000000, 0.088125, -0.069081;
-0.003450, 0.000000, 0.003450, 0.046088;
0.024178, 0.000000, -0.024178, 0.028671;
0.024178, 0.000000, -0.024178, 0.048440;
0.024178, 0.000000, -0.024178, 0.024194;
0.024178, 0.000000, -0.024178, 0.015414;
0.024178, 0.000000, -0.024178, 0.006092;
0.105339, 0.000000, -0.105339, 0.127270;
0.024178, 0.000000, -0.024178, -0.014637;
0.024178, 0.000000, -0.024178, 0.068246;
0.105339, 0.000000, -0.105339, 0.104644;
0.131834, 0.000000, -0.131834, 0.123717;
0.078569, 0.000000, -0.078569, 0.056555;
0.024178, 0.000000, -0.024178, 0.008985;
0.024178, 0.000000, -0.024178, 0.000775;
-0.031375, 0.000000, 0.031375, -0.084408;
-0.059597, 0.000000, 0.059597, -0.070175;
-0.088125, 0.000000, 0.088125, -0.100918;
-0.088125, 0.000000, 0.088125, -0.065741;
-0.088125, 0.000000, 0.088125, -0.075058;
-0.059597, 0.000000, 0.059597, -0.029889;
-0.088125, 0.000000, 0.088125, -0.096109;
-0.088125, 0.000000, 0.088125, -0.071597;
-0.059597, 0.000000, 0.059597, -0.058300;
-0.003450, 0.000000, 0.003450, 0.022787;
0.024178, 0.000000, -0.024178, 0.046613;
0.024178, 0.000000, -0.024178, 0.054079;
0.105339, 0.000000, -0.105339, 0.145901;
0.184011, 0.000000, -0.184011, 0.188246;
0.105339, 0.000000, -0.105339, 0.063300;
0.051515, 0.000000, -0.051515, 0.035220;
0.024178, 0.000000, -0.024178, -0.029278;
-0.059597, 0.000000, 0.059597, -0.121311;
-0.031375, 0.000000, 0.031375, -0.024411;
0.024178, 0.000000, -0.024178, 0.039026;
0.024178, 0.000000, -0.024178, 0.063242;
-0.031375, 0.000000, 0.031375, -0.012865;
0.024178, 0.000000, -0.024178, 0.050985;
0.024178, 0.000000, -0.024178, -0.032142;
-0.059597, 0.000000, 0.059597, -0.104799;
-0.031375, 0.000000, 0.031375, -0.021613;
0.024178, 0.000000, -0.024178, 0.039010;
-0.059597, 0.000000, 0.059597, -0.060342;
-0.003450, 0.000000, 0.003450, 0.063044;
0.051515, 0.000000, -0.051515, 0.038990;
-0.031375, 0.000000, 0.031375, -0.066625;
-0.059597, 0.000000, 0.059597, -0.067885;
-0.003450, 0.000000, 0.003450, -0.006697;
-0.031375, 0.000000, 0.031375, -0.049045;
-0.059597, 0.000000, 0.059597, -0.032431;
-0.031375, 0.000000, 0.031375, -0.005356;
-0.031375, 0.000000, 0.031375, -0.032429;
-0.088125, 0.000000, 0.088125, -0.108560;
-0.088125, 0.000000, 0.088125, -0.088530;
-0.088125, 0.000000, 0.088125, -0.103266;
-0.088125, 0.000000, 0.088125, -0.072127;
-0.175583, 0.000000, 0.175583, -0.184501;
-0.116965, 0.000000, 0.116965, -0.054940;
-0.088125, 0.000000, 0.088125, -0.097015;
-0.059597, 0.000000, 0.059597, -0.019522;
-0.003450, 0.000000, 0.003450, 0.029005;
0.024178, 0.000000, -0.024178, 0.055716;
0.024178, 0.000000, -0.024178, 0.038699;
0.051515, 0.000000, -0.051515, 0.060743;
-0.059597, 0.000000, 0.059597, -0.125211;
-0.059597, 0.000000, 0.059597, -0.055067;
-0.031375, 0.000000, 0.031375, -0.063041;
0.024178, 0.000000, -0.024178, 0.063219;
0.024178, 0.000000, -0.024178, 0.051831;
0.024178, 0.000000, -0.024178, 0.074934;
0.024178, 0.000000, -0.024178, 0.020484;
-0.059597, 0.000000, 0.059597, -0.119817;
-0.088125, 0.000000, 0.088125, -0.128902;
-0.059597, 0.000000, 0.059597, -0.083718;
-0.088125, 0.000000, 0.088125, -0.083484;
-0.088125, 0.000000, 0.088125, -0.026293;
-0.003450, 0.000000, 0.003450, 0.065253;
0.024178, 0.000000, -0.024178, 0.038409;
-0.059597, 0.000000, 0.059597, -0.088622;
-0.031375, 0.000000, 0.031375, -0.032523;
0.024178, 0.000000, -0.024178, -0.003429;
-0.059597, 0.000000, 0.059597, -0.084366;
-0.088125, 0.000000, 0.088125, -0.048482;
-0.088125, 0.000000, 0.088125, -0.079962;
-0.003450, 0.000000, 0.003450, 0.032875;
-0.088125, 0.000000, 0.088125, -0.137536;
-0.088125, 0.000000, 0.088125, -0.047051;
-0.088125, 0.000000, 0.088125, -0.111494;
-0.088125, 0.000000, 0.088125, -0.069402;
