pextSUB=[0.024178, 0.000000, -0.024178, 0.055899;
0.024178, 0.000000, -0.024178, 0.019544;
0.024178, 0.000000, -0.024178, 0.014937;
0.105339, 0.000000, -0.105339, 0.213336;
0.051515, 0.000000, -0.051515, -0.032625;
0.024178, 0.000000, -0.024178, -0.033253;
0.105339, 0.000000, -0.105339, 0.241935;
0.051515, 0.000000, -0.051515, -0.020789;
-0.059597, 0.000000, 0.059597, -0.235300;
-0.116965, 0.000000, 0.116965, -0.148585;
-0.031375, 0.000000, 0.031375, 0.140206;
-0.003450, 0.000000, 0.003450, 0.024730;
-0.003450, 0.000000, 0.003450, -0.056136;
-0.003450, 0.000000, 0.003450, -0.008285;
-0.003450, 0.000000, 0.003450, 0.010838;
0.024178, 0.000000, -0.024178, 0.060700;
-0.003450, 0.000000, 0.003450, -0.048769;
-0.059597, 0.000000, 0.059597, -0.138278;
-0.088125, 0.000000, 0.088125, -0.101469;
0.051515, 0.000000, -0.051515, 0.262137;
0.078569, 0.000000, -0.078569, 0.091156;
-0.003450, 0.000000, 0.003450, -0.175944;
-0.088125, 0.000000, 0.088125, -0.184506;
-0.003450, 0.000000, 0.003450, 0.171408;
-0.031375, 0.000000, 0.031375, -0.058951;
-0.088125, 0.000000, 0.088125, -0.206957;
-0.031375, 0.000000, 0.031375, 0.065638;
-0.031375, 0.000000, 0.031375, -0.009141;
-0.088125, 0.000000, 0.088125, -0.191362;
0.051515, 0.000000, -0.051515, 0.242012;
0.078569, 0.000000, -0.078569, 0.117291;
0.024178, 0.000000, -0.024178, -0.108551;
0.078569, 0.000000, -0.078569, 0.152143;
0.105339, 0.000000, -0.105339, 0.166605;
-0.003450, 0.000000, 0.003450, -0.175494;
-0.088125, 0.000000, 0.088125, -0.194956;
0.131834, 0.000000, -0.131834, 0.485778;
0.209697, 0.000000, -0.209697, 0.297742;
0.358506, 0.000000, -0.358506, 0.436764;
0.631147, 0.000000, -0.631147, 0.939371;
0.735952, 0.000000, -0.735952, 0.793952;
0.796576, 0.000000, -0.796576, 0.761852;
0.796576, 0.000000, -0.796576, 0.763880;
0.894062, 0.000000, -0.894062, 1.020867;
0.969022, 0.000000, -0.969022, 1.047037;
1.094155, 0.000000, -1.094155, 1.196916;
1.260705, 0.000000, -1.260705, 1.423674;
1.399552, 0.000000, -1.399552, 1.507946;
1.399552, 0.000000, -1.399552, 1.312688;
1.443704, 0.000000, -1.443704, 1.455871;
1.570276, 0.000000, -1.570276, 1.735914;
1.556632, 0.000000, -1.556632, 1.491258;
1.472580, 0.000000, -1.472580, 1.299763;
1.542882, 0.000000, -1.542882, 1.653329;
1.637014, 0.000000, -1.637014, 1.775770;
1.637014, 0.000000, -1.637014, 1.566646;
1.610612, 0.000000, -1.610612, 1.519849;
1.738888, 0.000000, -1.738888, 1.913812;
1.869916, 0.000000, -1.869916, 2.021204;
1.738888, 0.000000, -1.738888, 1.470310;
1.637014, 0.000000, -1.637014, 1.466469;
1.623861, 0.000000, -1.623861, 1.682082;
1.583821, 0.000000, -1.583821, 1.556668;
1.623861, 0.000000, -1.623861, 1.646833;
1.751221, 0.000000, -1.751221, 1.901263;
1.775622, 0.000000, -1.775622, 1.756391;
1.663033, 0.000000, -1.663033, 1.447604;
1.610612, 0.000000, -1.610612, 1.549515;
1.663033, 0.000000, -1.663033, 1.781112;
1.663033, 0.000000, -1.663033, 1.647250;
1.556632, 0.000000, -1.556632, 1.363956;
1.529034, 0.000000, -1.529034, 1.499901;
1.556632, 0.000000, -1.556632, 1.632636;
1.597265, 0.000000, -1.597265, 1.631917;
1.570276, 0.000000, -1.570276, 1.487529;
1.529034, 0.000000, -1.529034, 1.452462;
1.515080, 0.000000, -1.515080, 1.509059;
1.414382, 0.000000, -1.414382, 1.286389;
1.228476, 0.000000, -1.228476, 0.986455;
1.260705, 0.000000, -1.260705, 1.357999;
1.384603, 0.000000, -1.384603, 1.592405;
1.399552, 0.000000, -1.399552, 1.349697;
1.515080, 0.000000, -1.515080, 1.591593;
1.597265, 0.000000, -1.597265, 1.682877;
1.515080, 0.000000, -1.515080, 1.349352;
1.443704, 0.000000, -1.443704, 1.323637;
1.384603, 0.000000, -1.384603, 1.349920;
1.339057, 0.000000, -1.339057, 1.303708;
1.292418, 0.000000, -1.292418, 1.232028;
1.323635, 0.000000, -1.323635, 1.367573;
1.429100, 0.000000, -1.429100, 1.562611;
1.486854, 0.000000, -1.486854, 1.513281;
1.515080, 0.000000, -1.515080, 1.487163;
1.623861, 0.000000, -1.623861, 1.737538;
1.675905, 0.000000, -1.675905, 1.712330;
1.515080, 0.000000, -1.515080, 1.241593;
1.354359, 0.000000, -1.354359, 1.145619;
1.244655, 0.000000, -1.244655, 1.190098;
1.323635, 0.000000, -1.323635, 1.486048;
1.369540, 0.000000, -1.369540, 1.413338;
1.260705, 0.000000, -1.260705, 1.047930;
1.212163, 0.000000, -1.212163, 1.143502;
1.094155, 0.000000, -1.094155, 0.993067;
0.855585, 0.000000, -0.855585, 0.566090;
0.796576, 0.000000, -0.796576, 0.780350;
0.652497, 0.000000, -0.652497, 0.545031;
0.475939, 0.000000, -0.475939, 0.262992;
0.429651, 0.000000, -0.429651, 0.426900;
0.498749, 0.000000, -0.498749, 0.651211;
0.406168, 0.000000, -0.406168, 0.264441;
0.158056, 0.000000, -0.158056, -0.197316;
0.051515, 0.000000, -0.051515, -0.003043;
0.078569, 0.000000, -0.078569, 0.229609;
0.078569, 0.000000, -0.078569, 0.083348;
0.131834, 0.000000, -0.131834, 0.159710;
0.131834, 0.000000, -0.131834, 0.122371;
0.078569, 0.000000, -0.078569, -0.001561;
0.131834, 0.000000, -0.131834, 0.213324;
0.131834, 0.000000, -0.131834, 0.142906;
0.078569, 0.000000, -0.078569, -0.017136;
0.131834, 0.000000, -0.131834, 0.209019;
0.131834, 0.000000, -0.131834, 0.147364;
0.131834, 0.000000, -0.131834, 0.106831;
0.024178, 0.000000, -0.024178, -0.121215;
0.024178, 0.000000, -0.024178, 0.050064;
0.184011, 0.000000, -0.184011, 0.433889;
0.260302, 0.000000, -0.260302, 0.320000;
0.235131, 0.000000, -0.235131, 0.116150;
0.235131, 0.000000, -0.235131, 0.223858;
0.309895, 0.000000, -0.309895, 0.438003;
0.358506, 0.000000, -0.358506, 0.405812;
0.358506, 0.000000, -0.358506, 0.309789;
0.260302, 0.000000, -0.260302, 0.115929;
0.309895, 0.000000, -0.309895, 0.403102;
0.285224, 0.000000, -0.285224, 0.279739;
0.184011, 0.000000, -0.184011, 0.023862;
0.235131, 0.000000, -0.235131, 0.322127;
0.158056, 0.000000, -0.158056, 0.089489;
0.051515, 0.000000, -0.051515, -0.103421;
0.184011, 0.000000, -0.184011, 0.398105;
0.260302, 0.000000, -0.260302, 0.376534;
0.078569, 0.000000, -0.078569, -0.239134;
0.131834, 0.000000, -0.131834, 0.205054;
0.285224, 0.000000, -0.285224, 0.565477;
0.051515, 0.000000, -0.051515, -0.312677;
0.131834, 0.000000, -0.131834, 0.202613;
0.131834, 0.000000, -0.131834, 0.222698;
-0.031375, 0.000000, 0.031375, -0.274672;
0.184011, 0.000000, -0.184011, 0.473951;
0.184011, 0.000000, -0.184011, 0.212912;
0.051515, 0.000000, -0.051515, -0.210765;
0.184011, 0.000000, -0.184011, 0.378979;
0.235131, 0.000000, -0.235131, 0.348864;
0.105339, 0.000000, -0.105339, -0.136479;
0.051515, 0.000000, -0.051515, -0.024423;
0.235131, 0.000000, -0.235131, 0.553966;
0.260302, 0.000000, -0.260302, 0.274260;
0.158056, 0.000000, -0.158056, -0.073430;
0.024178, 0.000000, -0.024178, -0.133269;
-0.031375, 0.000000, 0.031375, -0.016999;
-0.088125, 0.000000, 0.088125, -0.111786;
-0.088125, 0.000000, 0.088125, -0.081975;
0.024178, 0.000000, -0.024178, 0.180681;
0.051515, 0.000000, -0.051515, 0.064895;
0.024178, 0.000000, -0.024178, -0.061070;
0.078569, 0.000000, -0.078569, 0.153235;
-0.031375, 0.000000, 0.031375, -0.163108;
-0.003450, 0.000000, 0.003450, 0.030687;
0.078569, 0.000000, -0.078569, 0.220059;
-0.059597, 0.000000, 0.059597, -0.268703;
-0.116965, 0.000000, 0.116965, -0.205240;
0.078569, 0.000000, -0.078569, 0.407906;
-0.003450, 0.000000, 0.003450, -0.126456;
-0.088125, 0.000000, 0.088125, -0.277472;
0.024178, 0.000000, -0.024178, 0.228406;
0.105339, 0.000000, -0.105339, 0.240764;
-0.059597, 0.000000, 0.059597, -0.351848;
-0.031375, 0.000000, 0.031375, 0.002289;
-0.003450, 0.000000, 0.003450, 0.111890;
-0.088125, 0.000000, 0.088125, -0.219311;
-0.003450, 0.000000, 0.003450, 0.093698;
0.158056, 0.000000, -0.158056, 0.393575;
0.209697, 0.000000, -0.209697, 0.216335;
0.260302, 0.000000, -0.260302, 0.250770;
0.521344, 0.000000, -0.521344, 0.852871;
0.631147, 0.000000, -0.631147, 0.723208;
0.673648, 0.000000, -0.673648, 0.608131;
0.796576, 0.000000, -0.796576, 0.921324;
0.931866, 0.000000, -0.931866, 1.095366;
1.023565, 0.000000, -1.023565, 1.071183;
1.195718, 0.000000, -1.195718, 1.348825;
1.384603, 0.000000, -1.384603, 1.575333;
1.429100, 0.000000, -1.429100, 1.393157;
