stairARX=[-0.003450, 0.000000, 0.003450, -0.005275;
-0.031375, 0.000000, 0.031375, -0.046504;
0.078569, 0.000000, -0.078569, 0.134101;
0.051515, 0.000000, -0.051515, 0.051175;
0.105339, 0.000000, -0.105339, 0.124954;
0.131834, 0.000000, -0.131834, 0.145559;
0.131834, 0.000000, -0.131834, 0.127225;
0.024178, 0.000000, -0.024178, -0.042056;
-0.031375, 0.000000, 0.031375, -0.080209;
-0.003450, 0.000000, 0.003450, 0.007186;
0.024178, 0.000000, -0.024178, 0.049369;
0.024178, 0.000000, -0.024178, 0.030185;
-0.003450, 0.000000, 0.003450, -0.020539;
0.024178, 0.000000, -0.024178, 0.032870;
-0.003450, 0.000000, 0.003450, -0.014834;
0.024178, 0.000000, -0.024178, 0.035022;
0.024178, 0.000000, -0.024178, 0.027409;
-0.003450, 0.000000, 0.003450, -0.019336;
-0.003450, 0.000000, 0.003450, -0.008341;
0.024178, 0.000000, -0.024178, 0.039417;
0.024178, 0.000000, -0.024178, 0.028304;
0.024178, 0.000000, -0.024178, 0.022557;
-0.003450, 0.000000, 0.003450, -0.020401;
-0.059597, 0.000000, 0.059597, -0.093838;
-0.088125, 0.000000, 0.088125, -0.108076;
-0.116965, 0.000000, 0.116965, -0.129327;
-0.116965, 0.000000, 0.116965, -0.111976;
-0.116965, 0.000000, 0.116965, -0.108279;
-0.116965, 0.000000, 0.116965, -0.109578;
-0.116965, 0.000000, 0.116965, -0.110812;
-0.116965, 0.000000, 0.116965, -0.111153;
-0.088125, 0.000000, 0.088125, -0.067002;
-0.088125, 0.000000, 0.088125, -0.079178;
-0.059597, 0.000000, 0.059597, -0.040837;
-0.088125, 0.000000, 0.088125, -0.096900;
-0.088125, 0.000000, 0.088125, -0.089257;
0.024178, 0.000000, -0.024178, 0.087790;
0.051515, 0.000000, -0.051515, 0.082976;
0.024178, 0.000000, -0.024178, 0.008489;
0.024178, 0.000000, -0.024178, 0.013468;
-0.003450, 0.000000, 0.003450, -0.021147;
-0.003450, 0.000000, 0.003450, -0.006766;
-0.059597, 0.000000, 0.059597, -0.087636;
-0.059597, 0.000000, 0.059597, -0.063968;
-0.003450, 0.000000, 0.003450, 0.031258;
-0.059597, 0.000000, 0.059597, -0.078242;
-0.088125, 0.000000, 0.088125, -0.109842;
0.051515, 0.000000, -0.051515, 0.124769;
-0.003450, 0.000000, 0.003450, -0.011341;
-0.088125, 0.000000, 0.088125, -0.143433;
-0.088125, 0.000000, 0.088125, -0.100252;
-0.088125, 0.000000, 0.088125, -0.080924;
-0.088125, 0.000000, 0.088125, -0.079517;
-0.088125, 0.000000, 0.088125, -0.082208;
-0.003450, 0.000000, 0.003450, 0.045780;
-0.059597, 0.000000, 0.059597, -0.076275;
-0.088125, 0.000000, 0.088125, -0.111447;
0.024178, 0.000000, -0.024178, 0.081897;
-0.031375, 0.000000, 0.031375, -0.042631;
-0.088125, 0.000000, 0.088125, -0.126445;
-0.088125, 0.000000, 0.088125, -0.094736;
-0.031375, 0.000000, 0.031375, 0.005440;
-0.059597, 0.000000, 0.059597, -0.061162;
0.024178, 0.000000, -0.024178, 0.066477;
0.024178, 0.000000, -0.024178, 0.034397;
-0.031375, 0.000000, 0.031375, -0.064257;
-0.003450, 0.000000, 0.003450, 0.001304;
-0.003450, 0.000000, 0.003450, 0.001677;
-0.003450, 0.000000, 0.003450, -0.001794;
-0.059597, 0.000000, 0.059597, -0.089296;
0.024178, 0.000000, -0.024178, 0.062501;
-0.003450, 0.000000, 0.003450, -0.004811;
-0.059597, 0.000000, 0.059597, -0.093586;
-0.003450, 0.000000, 0.003450, 0.018813;
0.024178, 0.000000, -0.024178, 0.049253;
-0.088125, 0.000000, 0.088125, -0.143580;
-0.059597, 0.000000, 0.059597, -0.059568;
0.024178, 0.000000, -0.024178, 0.077334;
-0.059597, 0.000000, 0.059597, -0.088989;
-0.088125, 0.000000, 0.088125, -0.115130;
-0.059597, 0.000000, 0.059597, -0.045685;
-0.088125, 0.000000, 0.088125, -0.092918;
-0.088125, 0.000000, 0.088125, -0.086595;
-0.088125, 0.000000, 0.088125, -0.083382;
-0.088125, 0.000000, 0.088125, -0.083001;
-0.116965, 0.000000, 0.116965, -0.127475;
-0.088125, 0.000000, 0.088125, -0.071360;
-0.088125, 0.000000, 0.088125, -0.078358;
-0.088125, 0.000000, 0.088125, -0.083327;
-0.088125, 0.000000, 0.088125, -0.084397;
-0.003450, 0.000000, 0.003450, 0.045434;
-0.031375, 0.000000, 0.031375, -0.032905;
-0.059597, 0.000000, 0.059597, -0.079667;
-0.003450, 0.000000, 0.003450, 0.022370;
0.024178, 0.000000, -0.024178, 0.048481;
-0.059597, 0.000000, 0.059597, -0.100930;
-0.031375, 0.000000, 0.031375, -0.028856;
0.024178, 0.000000, -0.024178, 0.060112;
0.024178, 0.000000, -0.024178, 0.033658;
0.024178, 0.000000, -0.024178, 0.021440;
0.024178, 0.000000, -0.024178, 0.020405;
0.024178, 0.000000, -0.024178, 0.022039;
0.024178, 0.000000, -0.024178, 0.022967;
0.024178, 0.000000, -0.024178, 0.023110;
0.024178, 0.000000, -0.024178, 0.023016;
-0.059597, 0.000000, 0.059597, -0.105140;
-0.003450, 0.000000, 0.003450, 0.016305;
-0.003450, 0.000000, 0.003450, 0.007856;
0.024178, 0.000000, -0.024178, 0.040691;
-0.059597, 0.000000, 0.059597, -0.101996;
-0.003450, 0.000000, 0.003450, 0.014696;
0.024178, 0.000000, -0.024178, 0.048817;
-0.059597, 0.000000, 0.059597, -0.099452;
-0.088125, 0.000000, 0.088125, -0.115004;
0.051515, 0.000000, -0.051515, 0.126064;
0.051515, 0.000000, -0.051515, 0.074183;
-0.059597, 0.000000, 0.059597, -0.122724;
-0.059597, 0.000000, 0.059597, -0.078922;
-0.003450, 0.000000, 0.003450, 0.030459;
-0.059597, 0.000000, 0.059597, -0.076027;
-0.088125, 0.000000, 0.088125, -0.108689;
-0.059597, 0.000000, 0.059597, -0.044970;
-0.003450, 0.000000, 0.003450, 0.035763;
-0.088125, 0.000000, 0.088125, -0.123074;
-0.003450, 0.000000, 0.003450, 0.030416;
0.024178, 0.000000, -0.024178, 0.051823;
0.024178, 0.000000, -0.024178, 0.027301;
-0.003450, 0.000000, 0.003450, -0.022285;
-0.003450, 0.000000, 0.003450, -0.009675;
-0.031375, 0.000000, 0.031375, -0.045622;
-0.003450, 0.000000, 0.003450, 0.009861;
0.024178, 0.000000, -0.024178, 0.044626;
-0.031375, 0.000000, 0.031375, -0.057388;
-0.088125, 0.000000, 0.088125, -0.126777;
-0.031375, 0.000000, 0.031375, -0.005574;
-0.031375, 0.000000, 0.031375, -0.017530;
-0.088125, 0.000000, 0.088125, -0.115105;
-0.003450, 0.000000, 0.003450, 0.035593;
-0.003450, 0.000000, 0.003450, 0.010579;
-0.003450, 0.000000, 0.003450, -0.003631;
0.024178, 0.000000, -0.024178, 0.036413;
0.024178, 0.000000, -0.024178, 0.026114;
0.024178, 0.000000, -0.024178, 0.022072;
0.024178, 0.000000, -0.024178, 0.021997;
0.024178, 0.000000, -0.024178, 0.022660;
-0.003450, 0.000000, 0.003450, -0.019265;
-0.003450, 0.000000, 0.003450, -0.007489;
0.024178, 0.000000, -0.024178, 0.039796;
0.024178, 0.000000, -0.024178, 0.028330;
0.024178, 0.000000, -0.024178, 0.022504;
0.024178, 0.000000, -0.024178, 0.021812;
0.024178, 0.000000, -0.024178, 0.022501;
0.024178, 0.000000, -0.024178, 0.022936;
0.024178, 0.000000, -0.024178, 0.023016;
0.024178, 0.000000, -0.024178, 0.022978;
0.024178, 0.000000, -0.024178, 0.022947;
0.024178, 0.000000, -0.024178, 0.022939;
0.078569, 0.000000, -0.078569, 0.106102;
0.051515, 0.000000, -0.051515, 0.041618;
0.024178, 0.000000, -0.024178, 0.001314;
0.024178, 0.000000, -0.024178, 0.017316;
0.024178, 0.000000, -0.024178, 0.024097;
0.051515, 0.000000, -0.051515, 0.066241;
0.024178, 0.000000, -0.024178, 0.011810;
0.024178, 0.000000, -0.024178, 0.017878;
0.024178, 0.000000, -0.024178, 0.022543;
0.051515, 0.000000, -0.051515, 0.065432;
0.131834, 0.000000, -0.131834, 0.176309;
0.078569, 0.000000, -0.078569, 0.055366;
0.051515, 0.000000, -0.051515, 0.021470;
0.024178, 0.000000, -0.024178, 0.000835;
0.051515, 0.000000, -0.051515, 0.062371;
0.051515, 0.000000, -0.051515, 0.055849;
0.024178, 0.000000, -0.024178, 0.007952;
0.078569, 0.000000, -0.078569, 0.101065;
0.131834, 0.000000, -0.131834, 0.164699;
0.051515, 0.000000, -0.051515, 0.009964;
0.024178, 0.000000, -0.024178, -0.008675;
0.024178, 0.000000, -0.024178, 0.018201;
-0.031375, 0.000000, 0.031375, -0.058711;
0.024178, 0.000000, -0.024178, 0.048883;
0.105339, 0.000000, -0.105339, 0.157755;
0.078569, 0.000000, -0.078569, 0.072040;
0.051515, 0.000000, -0.051515, 0.025035;
0.105339, 0.000000, -0.105339, 0.123683;
0.078569, 0.000000, -0.078569, 0.068048;
-0.031375, 0.000000, 0.031375, -0.097649;
-0.003450, 0.000000, 0.003450, -0.004867;
0.078569, 0.000000, -0.078569, 0.130015;
-0.031375, 0.000000, 0.031375, -0.076947;
0.024178, 0.000000, -0.024178, 0.036170;
0.078569, 0.000000, -0.078569, 0.114145;
