pextARX=[-0.489111, 0.000000, 0.489111, -1.130813, 1.568249;
-0.489111, 0.000000, 0.489111, -0.395371, -2.625227;
-0.489111, 0.000000, 0.489111, -0.302171, -0.698740;
-0.522477, 0.000000, 0.522477, -0.596924, 0.584213;
-0.556236, 0.000000, 0.556236, -0.635201, -0.171968;
-0.489111, 0.000000, 0.489111, -0.364404, -0.813763;
-0.489111, 0.000000, 0.489111, -0.475268, 0.148559;
-0.489111, 0.000000, 0.489111, -0.519233, -0.015352;
-0.489111, 0.000000, 0.489111, -0.484564, -0.285447;
-0.489111, 0.000000, 0.489111, -0.475208, -0.224709;
-0.624955, 0.000000, 0.624955, -0.799160, 0.277994;
-0.624955, 0.000000, 0.624955, -0.596666, -0.907768;
-0.624955, 0.000000, 0.624955, -0.568023, -0.389034;
-0.624955, 0.000000, 0.624955, -0.628194, -0.055627;
-0.731154, 0.000000, 0.731154, -0.877365, 0.128098;
-0.659933, 0.000000, 0.659933, -0.536790, -1.087455;
-0.731154, 0.000000, 0.731154, -0.788528, 0.217180;
-0.804122, 0.000000, 0.804122, -0.915258, -0.167741;
-0.841282, 0.000000, 0.841282, -0.848080, -0.704318;
-0.878902, 0.000000, 0.878902, -0.881637, -0.421238;
-0.916991, 0.000000, 0.916991, -0.949055, -0.303337;
-0.878902, 0.000000, 0.878902, -0.809538, -0.651772;
-0.804122, 0.000000, 0.804122, -0.693035, -0.403834;
-0.767418, 0.000000, 0.767418, -0.742939, 0.035412;
-0.659933, 0.000000, 0.659933, -0.546192, -0.426597;
-0.695328, 0.000000, 0.695328, -0.758619, 0.315137;
-0.731154, 0.000000, 0.731154, -0.795826, -0.262478;
-0.731154, 0.000000, 0.731154, -0.696447, -0.614957;
-0.804122, 0.000000, 0.804122, -0.874534, -0.042386;
-0.841282, 0.000000, 0.841282, -0.877664, -0.464088;
-0.804122, 0.000000, 0.804122, -0.717627, -0.709119;
-0.695328, 0.000000, 0.695328, -0.540522, -0.433023;
-0.695328, 0.000000, 0.695328, -0.730928, 0.382766;
-0.731154, 0.000000, 0.731154, -0.811716, -0.102030;
-0.767418, 0.000000, 0.767418, -0.787714, -0.512211;
-0.841282, 0.000000, 0.841282, -0.901271, -0.274241;
-0.841282, 0.000000, 0.841282, -0.813256, -0.633165;
-0.767418, 0.000000, 0.767418, -0.643177, -0.583062;
-0.804122, 0.000000, 0.804122, -0.864876, 0.274436;
-0.841282, 0.000000, 0.841282, -0.907846, -0.292966;
-0.804122, 0.000000, 0.804122, -0.719504, -0.785839;
-0.878902, 0.000000, 0.878902, -0.956925, 0.117647;
-0.916991, 0.000000, 0.916991, -0.967481, -0.457041;
-0.916991, 0.000000, 0.916991, -0.875214, -0.675189;
-0.916991, 0.000000, 0.916991, -0.893348, -0.318321;
-0.916991, 0.000000, 0.916991, -0.917967, -0.267774;
-0.804122, 0.000000, 0.804122, -0.650533, -0.726439;
-0.878902, 0.000000, 0.878902, -0.987077, 0.474841;
-0.804122, 0.000000, 0.804122, -0.725420, -0.824426;
-0.841282, 0.000000, 0.841282, -0.860761, -0.041236;
-0.994616, 0.000000, 0.994616, -1.203830, 0.143576;
-0.955559, 0.000000, 0.955559, -0.857372, -1.355597;
-0.804122, 0.000000, 0.804122, -0.542618, -0.803900;
-0.916991, 0.000000, 0.916991, -1.113412, 1.081016;
-0.841282, 0.000000, 0.841282, -0.781378, -1.027906;
-0.804122, 0.000000, 0.804122, -0.699682, -0.456132;
-1.034169, 0.000000, 1.034169, -1.354642, 0.835353;
-0.994616, 0.000000, 0.994616, -0.916289, -1.638308;
-0.804122, 0.000000, 0.804122, -0.457484, -1.141834;
-0.878902, 0.000000, 0.878902, -1.029312, 1.236382;
-0.955559, 0.000000, 0.955559, -1.126535, -0.247767;
-0.804122, 0.000000, 0.804122, -0.532457, -1.664365;
-0.767418, 0.000000, 0.767418, -0.693108, 0.321314;
-0.878902, 0.000000, 0.878902, -1.101041, 0.619643;
-0.767418, 0.000000, 0.767418, -0.605965, -1.429327;
-0.841282, 0.000000, 0.841282, -0.886690, 0.250957;
-0.878902, 0.000000, 0.878902, -0.954489, -0.242720;
-0.767418, 0.000000, 0.767418, -0.587005, -1.058645;
-0.841282, 0.000000, 0.841282, -0.929209, 0.481803;
-0.994616, 0.000000, 0.994616, -1.224167, 0.015672;
-0.916991, 0.000000, 0.916991, -0.747380, -1.624048;
-0.841282, 0.000000, 0.841282, -0.682522, -0.310977;
-0.916991, 0.000000, 0.916991, -1.070706, 0.645724;
-0.804122, 0.000000, 0.804122, -0.671863, -1.107470;
-0.841282, 0.000000, 0.841282, -0.855587, 0.108216;
-0.916991, 0.000000, 0.916991, -1.040286, -0.023729;
-0.878902, 0.000000, 0.878902, -0.797204, -0.979860;
-0.878902, 0.000000, 0.878902, -0.841316, -0.230959;
-1.034169, 0.000000, 1.034169, -1.252172, 0.340073;
-0.955559, 0.000000, 0.955559, -0.820502, -1.460191;
-0.804122, 0.000000, 0.804122, -0.546306, -0.665077;
-0.955559, 0.000000, 0.955559, -1.213487, 1.240488;
-0.916991, 0.000000, 0.916991, -0.896782, -1.153572;
-0.767418, 0.000000, 0.767418, -0.490867, -1.077607;
-0.878902, 0.000000, 0.878902, -1.054233, 1.053677;
-0.994616, 0.000000, 0.994616, -1.191940, -0.314266;
-0.841282, 0.000000, 0.841282, -0.553429, -1.836067;
-0.767418, 0.000000, 0.767418, -0.636728, 0.202496;
-0.841282, 0.000000, 0.841282, -1.025491, 0.724042;
-0.695328, 0.000000, 0.695328, -0.511297, -1.305886;
-0.731154, 0.000000, 0.731154, -0.743602, 0.307227;
-0.767418, 0.000000, 0.767418, -0.855533, -0.034307;
-0.659933, 0.000000, 0.659933, -0.495597, -0.993656;
-0.522477, 0.000000, 0.522477, -0.329881, -0.216984;
-0.695328, 0.000000, 0.695328, -0.988202, 1.250085;
-0.590393, 0.000000, 0.590393, -0.464413, -1.456816;
-0.489111, 0.000000, 0.489111, -0.283258, -0.439763;
-0.659933, 0.000000, 0.659933, -0.937835, 1.226302;
-0.624955, 0.000000, 0.624955, -0.594700, -1.161228;
-0.556236, 0.000000, 0.556236, -0.383784, -0.692406;
-0.590393, 0.000000, 0.590393, -0.655116, 0.511101;
-0.590393, 0.000000, 0.590393, -0.623592, -0.280473;
-0.556236, 0.000000, 0.556236, -0.483307, -0.539062;
-0.659933, 0.000000, 0.659933, -0.788119, 0.318885;
-0.556236, 0.000000, 0.556236, -0.414351, -1.013437;
-0.391298, 0.000000, 0.391298, -0.149222, -0.390400;
-0.456134, 0.000000, 0.456134, -0.608552, 1.111209;
-0.590393, 0.000000, 0.590393, -0.814589, -0.000014;
-0.590393, 0.000000, 0.590393, -0.513148, -1.239542;
-0.659933, 0.000000, 0.659933, -0.684848, -0.051665;
-0.695328, 0.000000, 0.695328, -0.745815, -0.217973;
-0.624955, 0.000000, 0.624955, -0.508048, -0.747272;
-0.731154, 0.000000, 0.731154, -0.861999, 0.439631;
-0.695328, 0.000000, 0.695328, -0.653988, -0.782471;
-0.731154, 0.000000, 0.731154, -0.737036, -0.180139;
-0.731154, 0.000000, 0.731154, -0.730304, -0.306063;
-0.767418, 0.000000, 0.767418, -0.803010, -0.202258;
-0.767418, 0.000000, 0.767418, -0.752120, -0.465079;
-0.767418, 0.000000, 0.767418, -0.748008, -0.321087;
-0.878902, 0.000000, 0.878902, -1.020730, 0.110815;
-0.916991, 0.000000, 0.916991, -0.941272, -0.765132;
-0.841282, 0.000000, 0.841282, -0.683739, -0.911904;
-0.878902, 0.000000, 0.878902, -0.927161, 0.288354;
-0.916991, 0.000000, 0.916991, -0.993436, -0.247018;
-0.916991, 0.000000, 0.916991, -0.882645, -0.717252;
-0.916991, 0.000000, 0.916991, -0.886041, -0.369261;
-0.916991, 0.000000, 0.916991, -0.916538, -0.252685;
-0.878902, 0.000000, 0.878902, -0.825473, -0.474205;
-0.767418, 0.000000, 0.767418, -0.617117, -0.528676;
-0.767418, 0.000000, 0.767418, -0.793381, 0.305302;
-0.767418, 0.000000, 0.767418, -0.799674, -0.221167;
-0.767418, 0.000000, 0.767418, -0.748751, -0.451973;
-0.878902, 0.000000, 0.878902, -1.008192, 0.057670;
-0.916991, 0.000000, 0.916991, -0.942006, -0.726227;
-0.916991, 0.000000, 0.916991, -0.862060, -0.657840;
-0.841282, 0.000000, 0.841282, -0.725909, -0.492550;
-0.804122, 0.000000, 0.804122, -0.773785, 0.009641;
-0.767418, 0.000000, 0.767418, -0.747578, -0.192146;
-0.659933, 0.000000, 0.659933, -0.523220, -0.535268;
-0.731154, 0.000000, 0.731154, -0.841777, 0.496949;
-0.767418, 0.000000, 0.767418, -0.831873, -0.429498;
-0.767418, 0.000000, 0.767418, -0.718401, -0.688052;
-0.767418, 0.000000, 0.767418, -0.742600, -0.246935;
-0.659933, 0.000000, 0.659933, -0.523821, -0.537640;
-0.659933, 0.000000, 0.659933, -0.676962, 0.264363;
-0.731154, 0.000000, 0.731154, -0.854832, 0.063922;
-0.767418, 0.000000, 0.767418, -0.786548, -0.656654;
-0.659933, 0.000000, 0.659933, -0.469392, -0.905484;
-0.767418, 0.000000, 0.767418, -0.916277, 0.725284;
-0.695328, 0.000000, 0.695328, -0.625387, -0.885085;
-0.624955, 0.000000, 0.624955, -0.491898, -0.420424;
