vet=[
0.011434, -2.996341, -3.613765, -4.118328;
0.030133, -3.362831, -3.762205, -4.104014;
-0.025909, -5.597082, -5.475976, -5.114881;
-0.050351, -5.794718, -5.895379, -5.666923;
0.026658, -2.992893, -3.876218, -4.667300;
0.003173, -5.741611, -5.796047, -5.670585;
-0.035966, -6.270098, -6.396513, -6.215266;
0.052102, -2.489728, -3.601677, -4.688391;
0.045100, -4.630444, -4.917930, -5.156029;
-0.011955, -5.720427, -5.806905, -5.671012;
-0.036338, -6.198330, -6.362892, -6.218163;
0.054543, -2.460483, -3.584389, -4.689645;
0.046283, -4.629425, -4.915808, -5.156103;
0.033467, -3.688207, -4.197514, -4.639331;
0.002539, -5.014348, -5.159431, -5.139280;
-0.051287, -6.725429, -6.634292, -6.196397;
0.035334, -2.600930, -3.677776, -4.683415;
0.062582, -3.590109, -4.110565, -4.644130;
-0.014748, -6.122985, -6.002246, -5.654633;
-0.050381, -6.341850, -6.450591, -6.211955;
0.003286, -4.493596, -5.202280, -5.721125;
0.006951, -5.789219, -6.108394, -6.235952;
0.003414, -5.557348, -6.002999, -6.245240;
0.011129, -5.453051, -5.942714, -6.249681;
0.015276, -5.445259, -5.933269, -6.250113;
0.015845, -5.459688, -5.939344, -6.249545;
0.015390, -5.467646, -5.943758, -6.249209;
0.015084, -5.468804, -5.944734, -6.249155;
0.038061, -4.432096, -5.124901, -5.724593;
0.079934, -2.839043, -3.729310, -4.675030;
0.035113, -4.882182, -5.051488, -5.145550;
-0.021337, -5.775535, -5.846100, -5.668516;
-0.015875, -5.144280, -5.538291, -5.694234;
0.006225, -4.923766, -5.402819, -5.703788;
-0.007626, -5.967494, -6.213361, -6.228321;
0.042042, -3.504889, -4.386797, -5.201519;
0.026521, -5.273455, -5.541059, -5.690200;
0.050167, -3.115030, -3.901775, -4.663013;
0.068261, -2.849206, -3.465136, -4.125886;
0.039322, -3.544999, -3.836134, -4.096893;
0.013296, -3.691699, -3.941929, -4.090219;
0.028389, -2.648466, -3.142851, -3.590598;
-0.063207, -7.052503, -6.511429, -5.615629;
-0.062822, -5.460763, -5.753795, -5.680094;
-0.031108, -5.884317, -6.206297, -6.231030;
-0.002622, -5.434018, -5.952692, -6.250065;
0.014931, -5.380104, -5.902757, -6.252743;
0.018060, -5.433105, -5.923635, -6.250684;
0.039505, -4.430843, -5.122307, -5.724685;
0.034780, -4.881428, -5.343164, -5.706306;
0.041721, -4.011276, -4.628100, -5.181003;
0.076665, -2.429063, -3.253666, -4.143136;
0.076406, -2.427894, -2.971484, -3.600883;
-0.052133, -7.169310, -6.551661, -5.611209;
-0.020732, -3.515574, -4.190410, -4.644794;
0.004535, -4.719898, -5.016617, -5.151264;
-0.017979, -5.584383, -5.750535, -5.676353;
0.058519, -2.046311, -3.096725, -4.158123;
0.043943, -4.195929, -4.424514, -4.619071;
-0.036932, -6.278281, -6.106812, -5.647717;
0.033284, -2.234261, -3.221046, -4.149801;
0.079951, -2.170375, -2.844093, -3.611414;
-0.020244, -6.060809, -5.688704, -5.096262;
0.001696, -2.959036, -3.609496, -4.119559;
0.052735, -2.317113, -2.951552, -3.604705;
-0.027267, -6.002985, -5.670920, -5.098407;
-0.064405, -5.945561, -5.986576, -5.660417;
0.042727, -1.990431, -3.092003, -4.159944;
-0.023625, -7.180641, -6.812531, -6.178747;
-0.046648, -5.965460, -6.266396, -6.227300;
0.084076, -1.325768, -2.718636, -4.188024;
0.070574, -4.025464, -4.306579, -4.626726;
-0.029136, -6.324496, -6.118004, -5.646065;
0.097625, 0.653907, -0.921537, -2.659437;
0.046311, -4.436572, -4.250536, -4.060991;
-0.016849, -4.064949, -4.161180, -4.074251;
0.013364, -2.665692, -3.171837, -3.589478;
-0.042114, -5.971906, -5.676685, -5.099248;
-0.041638, -4.847080, -5.141009, -5.144808;
0.041870, -2.400962, -3.288455, -4.143295;
0.008014, -5.275440, -5.276042, -5.128864;
-0.014049, -4.789208, -5.075301, -5.147928;
0.045865, -2.494633, -3.327480, -4.139613;
0.005084, -5.328366, -5.305271, -5.126638;
-0.038860, -5.821376, -5.892155, -5.666165;
0.026577, -3.051489, -3.904201, -4.664924;
0.068731, -2.725514, -3.405653, -4.130910;
0.130287, 0.397819, -0.725293, -2.125263;
0.231840, 4.961621, 3.416246, 1.206877;
0.123512, 0.769858, 1.019310, 0.892677;
0.140762, 6.286383, 5.385780, 3.974076;
0.253496, 11.148006, 9.892653, 7.694242;
0.180759, 8.893221, 9.148601, 8.612785;
0.087766, 9.449781, 9.913063, 9.801427;
0.045289, 9.900735, 10.477913, 10.571195;
0.032554, 10.627304, 11.207420, 11.314354;
-0.030230, 8.533733, 9.723192, 10.628676;
-0.004468, 11.112924, 11.585149, 11.676478;
0.018584, 11.169963, 11.840365, 12.050802;
-0.082945, 7.088309, 8.759123, 10.297128;
-0.108664, 7.750062, 8.832751, 9.875783;
-0.075595, 7.905298, 8.744874, 9.469555;
-0.055554, 7.615984, 8.425544, 9.077896;
-0.018748, 8.686301, 9.195026, 9.436327;
0.039961, 10.579590, 10.793429, 10.543851;
0.024139, 9.501219, 10.258613, 10.587964;
-0.078617, 6.250438, 7.744114, 9.133846;
-0.116937, 6.028206, 7.160374, 8.326586;
-0.102498, 5.658280, 6.571126, 7.507910;
-0.003787, 8.823946, 8.860249, 8.620785;
0.022879, 7.991755, 8.501327, 8.653732;
-0.003795, 7.558673, 8.258421, 8.672026;
0.028468, 9.710967, 9.955225, 9.792513;
-0.031094, 6.606588, 7.767787, 8.711348;
-0.055342, 7.251337, 8.040900, 8.685925;
0.014155, 9.809147, 9.982115, 9.788938;
0.083663, 11.759155, 11.816509, 11.267076;
0.012400, 8.755408, 9.887627, 10.618498;
-0.138314, 4.519423, 6.413148, 8.388288;
-0.138920, 5.930830, 6.868058, 7.916566;
-0.010615, 9.273633, 9.276186, 9.009502;
0.041511, 9.136715, 9.492657, 9.416389;
-0.004704, 7.598590, 8.487645, 9.077171;
-0.048534, 6.987320, 7.924744, 8.696424;
-0.010635, 8.949986, 9.331675, 9.425423;
0.033711, 9.932058, 10.273177, 10.178681;
0.029549, 9.793443, 10.405095, 10.575979;
-0.068178, 6.340401, 7.801353, 9.129910;
-0.031259, 9.697986, 10.071930, 10.189996;
0.048147, 11.386628, 11.590166, 11.283161;
-0.051158, 6.595324, 8.155613, 9.521914;
-0.050192, 9.194251, 9.806130, 10.210929;
0.029451, 11.271940, 11.509743, 11.288333;
0.007465, 9.503854, 10.438497, 10.976235;
-0.091242, 6.546335, 8.076840, 9.525030;
-0.119937, 6.414788, 7.553605, 8.721619;
-0.118919, 5.279226, 6.368105, 7.523722;
-0.018013, 8.746787, 8.803861, 8.624310;
0.052076, 9.500287, 9.680208, 9.401367;
0.008563, 7.694402, 8.551579, 9.072917;
-0.044276, 6.968495, 7.921683, 8.697066;
0.021291, 10.375424, 10.466874, 10.161081;
0.043890, 10.016661, 10.531113, 10.566534;
-0.043099, 7.101860, 8.407699, 9.501177;
-0.114017, 5.676759, 6.997252, 8.340736;
0.017210, 11.426308, 11.164680, 10.510204;
0.019636, 8.486431, 9.360557, 9.842342;
-0.107355, 4.664383, 6.309365, 7.966963;
-0.170933, 3.299061, 4.688335, 6.324697;
0.035005, 11.366876, 10.544414, 9.326262;
0.213376, 14.864988, 14.061857, 12.269538;
0.139695, 12.071199, 12.823639, 12.755139;
-0.145244, 3.760295, 6.467491, 9.236568;
-0.365071, -1.741304, 1.103030, 4.766511;
-0.365541, -2.724897, -1.066537, 1.534965;
-0.265427, -3.336108, -2.511983, -0.930246;
-0.207104, -5.509836, -4.829755, -3.468103;
-0.248605, -10.308958, -9.211775, -7.199456;
-0.087680, -4.706689, -5.724460, -6.277125;
0.079572, -2.682027, -3.943473, -5.235907;
-0.012363, -8.256781, -7.908724, -7.289210;
-0.023252, -5.955936, -6.527740, -6.801923;
0.036689, -4.739269, -5.567836, -6.279308;
-0.005190, -7.384474, -7.483889, -7.324735;
0.007260, -5.649652, -6.339832, -6.815188;
0.183870, 1.294778, -0.773192, -3.218291;
0.261980, 2.857546, 1.428060, -0.687875;
0.215308, 3.327527, 2.616122, 1.273519;
0.200388, 6.245543, 5.448873, 3.974048;
0.133814, 5.368863, 5.408633, 4.913146;
-0.002568, 2.476221, 3.375139, 4.132401;
-0.103519, 0.587642, 1.615697, 2.824296;
-0.154029, -1.391669, -0.392906, 0.988024;
-0.342660, -10.867118, -8.420999, -4.892552;
-0.300904, -8.579033, -8.159655, -6.687885;
-0.073678, -4.583651, -5.646563, -6.282509;
-0.031703, -7.932412, -8.086423, -7.888773;
-0.042863, -8.192130, -8.534076, -8.471562;
-0.009963, -7.463574, -8.142012, -8.501993;
-0.031604, -9.527649, -9.782031, -9.626113;
-0.017346, -8.641404, -9.340762, -9.662400;
0.158064, -1.889583, -4.044426, -6.398124;
0.239091, -0.614377, -2.165737, -4.221200;
0.128575, -3.401250, -3.644238, -4.105226;
0.068541, -2.041533, -2.519691, -3.079931;
0.138889, 2.055613, 0.876278, -0.651929;
0.198364, 4.415799, 3.360874, 1.711808;
