degrau=[0.105339,
0.131834,
0.131834,
0.051515,
0.131834,
0.131834,
0.131834,
0.158056,
0.131834,
0.131834,
0.078569,
0.051515,
0.105339,
0.131834,
0.131834,
0.131834,
0.184011,
0.158056,
0.158056,
0.131834,
0.131834,
0.158056,
0.051515,
0.131834,
0.131834,
0.131834,
0.131834,
0.131834,
0.131834,
0.131834,
0.131834,
0.131834,
0.131834,
0.131834,
0.131834,
0.131834,
0.131834,
0.051515,
0.105339,
0.105339,
0.105339,
0.131834,
0.131834,
0.131834,
0.131834,
0.078569,
0.105339,
0.024178,
0.024178,
0.078569,
0.105339,
0.105339,
0.158056,
0.158056,
0.105339,
0.078569,
0.105339,
0.184011,
0.131834,
0.078569,
0.105339,
0.184011,
0.158056,
0.131834,
0.051515,
0.051515,
0.051515,
0.024178,
0.078569,
0.105339,
0.158056,
0.131834,
0.105339,
0.105339,
0.105339,
0.024178,
0.131834,
0.209697,
0.158056,
0.105339,
0.105339,
0.184011,
0.131834,
0.131834,
0.105339,
0.209697,
0.209697,
0.158056,
0.131834,
0.131834,
0.184011,
0.078569,
0.024178,
-0.003450,
0.051515,
0.105339,
0.024178,
-0.031375,
-0.003450,
0.024178,
-0.088125,
-0.116965,
-0.116965,
-0.116965,
-0.059597,
-0.003450,
0.024178,
-0.003450,
-0.003450,
-0.003450,
-0.003450,
0.051515,
0.024178,
0.024178,
0.024178,
0.105339,
0.105339,
0.105339,
0.105339,
0.131834,
0.131834,
0.131834,
0.131834,
0.131834,
0.105339,
0.209697,
0.184011,
0.131834,
0.131834,
0.209697,
0.235131,
0.184011,
0.260302,
0.358506,
0.406168,
0.334322,
0.235131,
0.235131,
0.235131,
0.209697,
0.184011,
0.235131,
0.209697,
0.260302,
0.334322,
0.334322,
0.260302,
0.235131,
0.309895,
0.260302,
0.235131,
0.285224,
0.309895,
0.406168,
0.334322,
0.209697,
0.158056,
0.235131,
0.235131,
0.260302,
0.209697,
0.209697,
0.235131,
0.184011,
0.131834,
0.131834,
0.131834,
0.131834,
0.131834,
0.131834,
0.131834,
0.131834,
0.209697,
0.158056,
0.131834,
0.105339,
0.131834,
0.131834,
0.051515,
0.105339,
0.131834,
0.051515,
0.051515,
0.051515,
0.105339,
0.024178,
0.024178,
0.184011,
0.131834,
0.131834,
0.131834,
0.131834,
0.158056,
0.260302,
0.260302,
0.235131,
0.235131,
0.184011,
0.131834,
0.131834,
0.158056,
0.078569,
0.051515,
0.105339,
0.184011,
0.235131,
0.334322,
0.543721,
0.756343,
0.950526,
1.128574,
1.244655,
1.212163,
1.354359,
1.501021,
1.556632,
1.472580,
1.583821,
1.623861,
1.542882,
1.399552,
1.384603,
1.354359,
1.228476,
1.162423,
1.228476,
1.162423,
1.076732,
1.059158,
1.094155,
1.111435,
1.041439,
0.987357,
0.987357,
1.094155,
1.145567,
1.041439,
1.041439,
1.179138,
1.212163,
1.111435,
1.128574,
1.145567,
1.128574,
1.111435,
1.111435,
1.145567,
1.195718,
1.162423,
1.128574,
1.128574,
1.128574,
1.111435,
1.111435,
1.128574,
1.195718,
1.323635,
1.308090,
1.323635,
1.414382,
1.399552,
1.308090,
1.323635,
1.276624,
1.195718,
1.292418,
1.339057,
1.228476,
1.179138,
1.308090,
1.228476,
1.128574,
1.244655,
1.228476,
1.094155,
1.162423,
1.244655,
1.094155,
1.059158,
1.212163,
1.179138,
1.111435,
1.228476,
1.260705,
1.145567,
1.212163,
1.276624,
1.162423,
1.179138,
1.195718,
1.195718,
1.162423,
1.195718,
1.212163,
1.145567,
1.145567,
1.111435,
1.023565,
1.094155,
1.145567,
1.145567,
1.128574,
1.145567,
1.145567,
1.145567,
1.076732,
1.076732,
1.076732,
1.059158,
1.005538,
1.059158,
1.076732,
1.041439,
1.005538,
1.005538,
0.987357,
1.005538,
1.005538,
1.059158,
1.076732,
1.076732,
1.076732,
1.076732,
1.094155,
1.041439,
1.005538,
1.128574,
1.195718,
1.128574,
1.145567,
1.244655,
1.128574,
1.145567,
1.260705,
1.212163,
1.111435,
1.244655,
1.260705,
1.111435,
1.162423,
1.276624,
1.162423,
1.094155,
1.179138,
1.128574,
1.076732,
1.162423,
1.162423,
1.059158,
1.094155,
1.179138,
1.059158,
1.041439,
1.111435,
1.076732,
1.128574,
1.128574,
1.076732,
1.076732,
1.128574,
1.076732,
1.059158,
1.111435,
1.094155,
1.005538,
1.076732,
1.111435,
1.023565,
0.987357,
1.076732,
1.076732,
1.005538,
0.969022,
0.987357,
0.987357,
0.969022,
0.969022,
0.987357,
1.041439,
1.041439,
1.041439,
1.005538,
0.987357,
1.005538,
1.023565,
1.076732,
1.041439,
1.023565,
1.094155,
1.111435,
1.041439,
0.987357,
1.041439,
1.041439,
1.076732,
1.111435,
1.059158,
1.041439,
1.111435,
1.128574,
1.111435,
1.128574,
1.128574,
1.128574,
1.059158,
1.094155,
1.111435,
1.059158,
1.059158,
1.094155,
1.023565,
0.950526,
1.041439,
1.059158,
0.987357,
1.059158,
1.111435,
1.023565,
1.023565,
1.111435,
1.076732,
1.059158,
1.076732,
1.076732,
1.076732,
1.128574,
1.145567,
1.094155,
1.076732,
1.179138,
1.128574,
1.023565,
1.059158,
1.023565,
0.950526,
1.005538,
1.076732,
1.023565,
1.005538,
1.111435,
1.076732,
0.969022,
1.005538,
1.094155,
1.005538,
0.987357,
1.111435,
1.111435,
1.041439,
1.111435,
1.111435,
1.094155,
1.076732,
1.111435,
1.041439,
1.059158,
1.128574,
1.111435,
1.076732,
1.128574,
1.145567,
1.145567,
1.195718,
1.260705,
1.179138,
1.111435,
1.128574,
1.111435,
1.059158,
1.111435,
1.145567,
1.023565,
1.094155,
1.179138,
1.023565,
1.005538,
1.162423,
1.094155,
0.969022,
1.111435,
1.195718,
0.987357,
1.005538,
1.145567,
1.145567,
1.023565,
1.076732,
1.076732,
1.023565,
1.023565,
1.059158,
1.005538,
1.005538,
1.059158,
1.059158,
1.076732,
1.111435,
1.128574,
1.128574,
1.111435,
1.128574,
1.076732,
1.111435,
1.128574,
1.094155,
1.023565,
1.041439,
1.059158,
1.059158,
1.059158,
1.076732,
1.111435,
1.162423,
1.179138,
1.195718,
1.195718,
1.260705,
1.179138,
1.128574,
1.128574,
1.128574,
1.111435,
1.111435,
1.076732,
1.023565,
1.094155,
1.128574,
1.059158,
1.111435,
1.111435,
1.128574,
1.128574,
1.128574,
1.076732,
1.059158,
1.094155,
1.023565,
0.987357,
1.041439,
1.059158,
1.059158,
1.094155,
1.023565,
0.987357,
1.041439,
1.059158,
0.969022,
0.969022,
1.076732,
1.023565,
0.987357,
1.094155,
1.128574,
1.041439,
1.041439,
1.145567,
1.094155,
1.076732,
1.111435,
1.076732,
1.094155,
1.162423,
1.179138,
1.023565,
1.076732,
1.179138,
1.128574,
1.111435,
1.128574,
1.128574,
1.128574,
1.128574,
1.145567,
1.145567,
1.162423,
1.094155,
1.076732,
1.179138,
1.162423,
1.094155,
1.179138,
1.179138,
1.111435,
1.128574,
1.179138,
1.076732,
1.005538,
1.041439,
1.041439,
1.005538,
1.059158,
1.111435,
1.041439,
1.005538,
1.111435,
1.111435,
1.041439,
1.076732,
1.128574,
1.145567,
1.094155,
1.023565,
1.094155,
1.094155,
1.076732,
1.076732,
1.128574,
1.094155,
1.076732,
1.128574,
1.145567,
1.094155,
1.076732,
1.111435,
1.145567,
1.145567,
1.076732,
1.111435,
1.145567,
1.059158,
1.059158,
1.076732,
1.076732,
1.076732,
1.076732,
1.076732,
1.005538,
1.076732,
1.128574,
1.145567,
1.128574,
1.094155,
1.023565,
1.023565,
1.094155,
1.094155,
1.023565,
1.059158,
1.111435,
1.094155,
1.128574,
1.128574,
1.094155,
1.128574,
1.111435,
1.076732,
1.111435,
1.111435,
1.076732,
1.111435,
1.128574,
1.005538,
1.041439,
1.111435,
1.094155,
1.005538,
1.076732,
1.128574,
1.041439,
1.195718,
1.195718,
1.094155,
1.228476,
1.228476,
1.111435,
1.212163,
1.244655,
1.111435,
1.128574,
1.244655,
1.076732,
1.059158,
1.228476,
1.162423,
1.041439,
1.162423,
1.228476,
1.059158,
1.145567,
1.260705,
1.094155,
1.094155,
1.244655,
1.094155,
1.041439,
1.195718,
1.162423,
1.023565,
1.179138,
1.244655,
1.023565,
1.145567,
1.292418,
1.094155,
1.041439,
1.145567,
1.128574,
1.094155,
1.244655,
1.228476,
1.059158,
1.162423,
1.195718,
1.041439,
1.111435,
1.195718,
1.076732,
1.041439,
1.228476,
1.145567,
1.023565,
1.179138,
1.145567,
0.987357,
1.041439,
1.111435,
0.969022,
1.023565,
1.145567,
1.094155,
1.059158,
1.162423,
1.128574,
1.076732,
1.111435,
1.145567,
1.041439,
1.041439,
1.059158,
1.023565,
1.041439,
1.059158,
1.041439,
1.023565,
1.094155,
1.111435,
1.041439,
1.094155,
1.128574,
1.076732,
1.059158,
1.111435,
1.128574,
1.023565,
1.041439,
1.059158,
1.059158,
1.059158,
1.023565,
1.005538,
1.023565,
1.059158,
1.076732,
1.005538,
1.023565,
1.059158,
1.059158,
1.145567,
1.128574,
1.041439,
1.128574,
1.195718,
1.128574,
1.094155,
1.128574,
1.076732,
1.023565,
1.162423,
1.195718,
1.005538,
1.041439,
1.162423,
1.076732,
1.023565,
1.179138,
1.145567,
1.023565,
1.059158,
1.179138,
1.179138,
1.111435,
1.094155,
1.195718,
1.128574,
1.041439,
1.076732,
1.094155,
1.076732,
1.128574,
1.195718,
1.128574,
1.128574,
1.195718,
1.145567,
1.094155,
1.128574,
1.059158,
