pextARX=[-0.556236, 0.000000, 0.556236, -0.850459, 0.406723;
-0.423526, 0.000000, 0.423526, -0.411089, 0.248718;
-0.423526, 0.000000, 0.423526, -0.365158, -0.010856;
-0.456134, 0.000000, 0.456134, -0.433326, -0.036742;
-0.456134, 0.000000, 0.456134, -0.435786, -0.018312;
-0.359434, 0.000000, 0.359434, -0.286259, -0.086420;
-0.327925, 0.000000, 0.327925, -0.277998, -0.100849;
-0.423526, 0.000000, 0.423526, -0.455097, 0.018803;
-0.423526, 0.000000, 0.423526, -0.421402, 0.043586;
-0.359434, 0.000000, 0.359434, -0.303664, -0.042814;
-0.423526, 0.000000, 0.423526, -0.425669, -0.011323;
-0.489111, 0.000000, 0.489111, -0.512417, 0.057749;
-0.456134, 0.000000, 0.456134, -0.424465, 0.010414;
-0.456134, 0.000000, 0.456134, -0.424329, -0.029286;
-0.556236, 0.000000, 0.556236, -0.583437, 0.044315;
-0.556236, 0.000000, 0.556236, -0.543681, 0.040380;
-0.556236, 0.000000, 0.556236, -0.525501, -0.005796;
-0.695328, 0.000000, 0.695328, -0.736694, 0.075423;
-0.624955, 0.000000, 0.624955, -0.572429, 0.007298;
-0.522477, 0.000000, 0.522477, -0.421452, -0.125584;
-0.556236, 0.000000, 0.556236, -0.528263, -0.082208;
-0.590393, 0.000000, 0.590393, -0.589340, 0.002991;
-0.489111, 0.000000, 0.489111, -0.414862, -0.065372;
-0.456134, 0.000000, 0.456134, -0.397345, -0.101285;
-0.590393, 0.000000, 0.590393, -0.634011, 0.038934;
-0.522477, 0.000000, 0.522477, -0.481445, 0.010462;
-0.359434, 0.000000, 0.359434, -0.234739, -0.158275;
-0.423526, 0.000000, 0.423526, -0.410898, -0.089837;
-0.556236, 0.000000, 0.556236, -0.620171, 0.090768;
-0.624955, 0.000000, 0.624955, -0.658948, 0.132688;
-0.624955, 0.000000, 0.624955, -0.599691, 0.048182;
-0.590393, 0.000000, 0.590393, -0.531872, -0.044801;
-0.590393, 0.000000, 0.590393, -0.549927, -0.057466;
-0.489111, 0.000000, 0.489111, -0.405557, -0.110348;
-0.489111, 0.000000, 0.489111, -0.450303, -0.087354;
-0.391298, 0.000000, 0.391298, -0.318352, -0.107165;
-0.489111, 0.000000, 0.489111, -0.509832, -0.005188;
-0.423526, 0.000000, 0.423526, -0.383092, -0.015540;
-0.391298, 0.000000, 0.391298, -0.343394, -0.063226;
-0.489111, 0.000000, 0.489111, -0.514891, 0.023308;
-0.556236, 0.000000, 0.556236, -0.583996, 0.086976;
-0.489111, 0.000000, 0.489111, -0.434738, -0.008657;
-0.456134, 0.000000, 0.456134, -0.397994, -0.078976;
-0.590393, 0.000000, 0.590393, -0.630878, 0.039371;
-0.556236, 0.000000, 0.556236, -0.531513, 0.031497;
-0.423526, 0.000000, 0.423526, -0.318213, -0.116859;
-0.489111, 0.000000, 0.489111, -0.477906, -0.065715;
-0.556236, 0.000000, 0.556236, -0.580243, 0.045230;
-0.423526, 0.000000, 0.423526, -0.339125, -0.060385;
-0.359434, 0.000000, 0.359434, -0.280812, -0.137018;
-0.489111, 0.000000, 0.489111, -0.529670, 0.011395;
-0.556236, 0.000000, 0.556236, -0.592817, 0.104332;
-0.489111, 0.000000, 0.489111, -0.436231, 0.001355;
-0.590393, 0.000000, 0.590393, -0.602433, 0.020789;
-0.731154, 0.000000, 0.731154, -0.788377, 0.126585;
-0.659933, 0.000000, 0.659933, -0.605368, 0.024996;
-0.624955, 0.000000, 0.624955, -0.554774, -0.078260;
-0.624955, 0.000000, 0.624955, -0.582983, -0.069968;
-0.556236, 0.000000, 0.556236, -0.489967, -0.087528;
-0.423526, 0.000000, 0.423526, -0.316930, -0.163482;
-0.456134, 0.000000, 0.456134, -0.434067, -0.090657;
-0.456134, 0.000000, 0.456134, -0.444449, -0.016684;
-0.391298, 0.000000, 0.391298, -0.338820, -0.053070;
-0.456134, 0.000000, 0.456134, -0.460743, -0.006268;
-0.489111, 0.000000, 0.489111, -0.494466, 0.037252;
-0.489111, 0.000000, 0.489111, -0.469564, 0.013944;
-0.489111, 0.000000, 0.489111, -0.461389, -0.014684;
-0.456134, 0.000000, 0.456134, -0.411518, -0.047898;
-0.624955, 0.000000, 0.624955, -0.685321, 0.079930;
-0.556236, 0.000000, 0.556236, -0.515219, 0.029352;
-0.522477, 0.000000, 0.522477, -0.462135, -0.063423;
-0.590393, 0.000000, 0.590393, -0.590130, -0.010803;
-0.590393, 0.000000, 0.590393, -0.572217, 0.009800;
-0.423526, 0.000000, 0.423526, -0.305444, -0.133337;
-0.489111, 0.000000, 0.489111, -0.474412, -0.080330;
-0.489111, 0.000000, 0.489111, -0.478215, -0.007707;
-0.489111, 0.000000, 0.489111, -0.468815, -0.004317;
-0.489111, 0.000000, 0.489111, -0.463851, -0.015295;
-0.489111, 0.000000, 0.489111, -0.463197, -0.020913;
-0.489111, 0.000000, 0.489111, -0.463754, -0.021593;
-0.489111, 0.000000, 0.489111, -0.464122, -0.020936;
-0.489111, 0.000000, 0.489111, -0.464195, -0.020517;
-0.624955, 0.000000, 0.624955, -0.671864, 0.078892;
-0.624955, 0.000000, 0.624955, -0.614088, 0.063966;
-0.556236, 0.000000, 0.556236, -0.484018, -0.053258;
-0.590393, 0.000000, 0.590393, -0.563967, -0.048874;
-0.659933, 0.000000, 0.659933, -0.672045, 0.030763;
-0.767418, 0.000000, 0.767418, -0.803215, 0.103369;
-0.659933, 0.000000, 0.659933, -0.578428, -0.025496;
-0.767418, 0.000000, 0.767418, -0.767647, -0.004702;
-0.659933, 0.000000, 0.659933, -0.578281, -0.065326;
-0.522477, 0.000000, 0.522477, -0.399215, -0.183408;
-0.590393, 0.000000, 0.590393, -0.578895, -0.082269;
-0.590393, 0.000000, 0.590393, -0.577926, -0.002250;
-0.489111, 0.000000, 0.489111, -0.410276, -0.078571;
-0.590393, 0.000000, 0.590393, -0.602490, -0.008258;
-0.624955, 0.000000, 0.624955, -0.630509, 0.049409;
-0.624955, 0.000000, 0.624955, -0.599091, 0.016293;
-0.695328, 0.000000, 0.695328, -0.696946, 0.031683;
-0.731154, 0.000000, 0.731154, -0.722762, 0.039350;
-0.767418, 0.000000, 0.767418, -0.752149, 0.028524;
-0.731154, 0.000000, 0.731154, -0.674729, -0.031741;
-0.767418, 0.000000, 0.767418, -0.740410, -0.026323;
-0.731154, 0.000000, 0.731154, -0.677638, -0.044613;
-0.767418, 0.000000, 0.767418, -0.743770, -0.022758;
-0.767418, 0.000000, 0.767418, -0.734122, -0.014242;
-0.731154, 0.000000, 0.731154, -0.672803, -0.052098;
-0.767418, 0.000000, 0.767418, -0.742639, -0.028274;
-0.695328, 0.000000, 0.695328, -0.624216, -0.068189;
-0.624955, 0.000000, 0.624955, -0.541416, -0.121464;
-0.590393, 0.000000, 0.590393, -0.530488, -0.110159;
-0.624955, 0.000000, 0.624955, -0.612193, -0.032874;
-0.624955, 0.000000, 0.624955, -0.603121, -0.003838;
-0.590393, 0.000000, 0.590393, -0.541514, -0.040072;
-0.624955, 0.000000, 0.624955, -0.606598, -0.021049;
-0.590393, 0.000000, 0.590393, -0.545810, -0.035785;
-0.590393, 0.000000, 0.590393, -0.555124, -0.041385;
-0.695328, 0.000000, 0.695328, -0.720830, 0.046255;
-0.624955, 0.000000, 0.624955, -0.569429, -0.010736;
-0.695328, 0.000000, 0.695328, -0.687096, -0.002426;
-0.731154, 0.000000, 0.731154, -0.723366, 0.028378;
-0.624955, 0.000000, 0.624955, -0.536306, -0.074788;
-0.624955, 0.000000, 0.624955, -0.573721, -0.091493;
-0.590393, 0.000000, 0.590393, -0.541134, -0.073018;
-0.590393, 0.000000, 0.590393, -0.558655, -0.046294;
-0.624955, 0.000000, 0.624955, -0.615658, -0.001027;
-0.624955, 0.000000, 0.624955, -0.599848, -0.000262;
-0.590393, 0.000000, 0.590393, -0.539416, -0.043928;
-0.624955, 0.000000, 0.624955, -0.606201, -0.023434;
-0.624955, 0.000000, 0.624955, -0.598833, -0.010942;
-0.590393, 0.000000, 0.590393, -0.540583, -0.044958;
-0.590393, 0.000000, 0.590393, -0.554068, -0.047334;
-0.590393, 0.000000, 0.590393, -0.560807, -0.031618;
-0.590393, 0.000000, 0.590393, -0.561569, -0.024004;
-0.590393, 0.000000, 0.590393, -0.560755, -0.023226;
-0.624955, 0.000000, 0.624955, -0.613094, 0.001087;
-0.590393, 0.000000, 0.590393, -0.545467, -0.028545;
-0.624955, 0.000000, 0.624955, -0.606689, -0.016615;
-0.590393, 0.000000, 0.590393, -0.545170, -0.035742;
-0.590393, 0.000000, 0.590393, -0.554815, -0.042130;
-0.590393, 0.000000, 0.590393, -0.560358, -0.030823;
-0.624955, 0.000000, 0.624955, -0.614077, 0.000734;
-0.624955, 0.000000, 0.624955, -0.598830, -0.002125;
-0.624955, 0.000000, 0.624955, -0.592065, -0.019815;
-0.590393, 0.000000, 0.590393, -0.538752, -0.052703;
-0.590393, 0.000000, 0.590393, -0.554397, -0.049352;
-0.590393, 0.000000, 0.590393, -0.561274, -0.031206;
-0.522477, 0.000000, 0.522477, -0.457885, -0.073128;
-0.556236, 0.000000, 0.556236, -0.537393, -0.040583;
-0.624955, 0.000000, 0.624955, -0.640080, 0.038289;
-0.624955, 0.000000, 0.624955, -0.605328, 0.027581;
