stepSUB=[
-0.088125, 0.000000, 0.088125, -0.203742, 0.282557;
-0.088125, 0.000000, 0.088125, -0.071235, -0.472996;
-0.003450, 0.000000, 0.003450, 0.141323, -0.397389;
-0.031375, 0.000000, 0.031375, -0.089766, 0.629999;
0.024178, 0.000000, -0.024178, 0.062651, -0.225256;
0.105339, 0.000000, -0.105339, 0.220295, -0.151176;
0.051515, 0.000000, -0.051515, -0.047664, 0.696988;
0.051515, 0.000000, -0.051515, 0.029016, -0.193658;
0.131834, 0.000000, -0.131834, 0.266136, -0.423119;
0.105339, 0.000000, -0.105339, 0.058553, 0.603927;
0.051515, 0.000000, -0.051515, -0.053302, 0.208855;
0.105339, 0.000000, -0.105339, 0.200508, -0.579410;
0.051515, 0.000000, -0.051515, -0.002069, 0.436526;
0.051515, 0.000000, -0.051515, 0.032264, -0.078165;
0.078569, 0.000000, -0.078569, 0.130755, -0.193219;
0.131834, 0.000000, -0.131834, 0.199942, 0.027096;
0.051515, 0.000000, -0.051515, -0.079739, 0.632643;
0.105339, 0.000000, -0.105339, 0.171512, -0.545379;
0.158056, 0.000000, -0.158056, 0.254059, -0.029016;
0.131834, 0.000000, -0.131834, 0.064821, 0.576888;
0.158056, 0.000000, -0.158056, 0.170338, -0.146151;
0.131834, 0.000000, -0.131834, 0.110870, 0.133894;
0.078569, 0.000000, -0.078569, 0.006612, 0.157088;
0.051515, 0.000000, -0.051515, 0.031096, -0.177282;
0.131834, 0.000000, -0.131834, 0.261348, -0.410495;
0.131834, 0.000000, -0.131834, 0.120574, 0.500871;
0.051515, 0.000000, -0.051515, -0.091827, 0.432711;
0.078569, 0.000000, -0.078569, 0.133278, -0.593003;
0.131834, 0.000000, -0.131834, 0.235338, -0.113714;
0.078569, 0.000000, -0.078569, -0.020193, 0.659137;
0.051515, 0.000000, -0.051515, -0.002775, -0.112006;
0.024178, 0.000000, -0.024178, 0.021783, -0.200041;
0.051515, 0.000000, -0.051515, 0.105054, -0.171776;
0.051515, 0.000000, -0.051515, 0.046365, 0.204506;
-0.059597, 0.000000, 0.059597, -0.220734, 0.424448;
-0.059597, 0.000000, 0.059597, -0.036551, -0.628327;
-0.088125, 0.000000, 0.088125, -0.079793, -0.056635;
-0.088125, 0.000000, 0.088125, -0.090990, -0.010650;
-0.031375, 0.000000, 0.031375, 0.043220, -0.224676;
-0.059597, 0.000000, 0.059597, -0.105523, 0.354672;
-0.088125, 0.000000, 0.088125, -0.140880, -0.009786;
-0.088125, 0.000000, 0.088125, -0.067781, -0.280849;
-0.003450, 0.000000, 0.003450, 0.122373, -0.307465;
0.024178, 0.000000, -0.024178, 0.038940, 0.396798;
-0.003450, 0.000000, 0.003450, -0.079754, 0.319981;
-0.059597, 0.000000, 0.059597, -0.130516, -0.061909;
-0.088125, 0.000000, 0.088125, -0.093824, -0.290085;
-0.088125, 0.000000, 0.088125, -0.063333, -0.165977;
-0.088125, 0.000000, 0.088125, -0.086111, 0.028568;
-0.116965, 0.000000, 0.116965, -0.160300, 0.087948;
-0.003450, 0.000000, 0.003450, 0.152009, -0.571208;
-0.003450, 0.000000, 0.003450, -0.011667, 0.528060;
0.024178, 0.000000, -0.024178, 0.015906, 0.073562;
0.024178, 0.000000, -0.024178, 0.023987, -0.000763;
0.024178, 0.000000, -0.024178, 0.025093, 0.005962;
-0.003450, 0.000000, 0.003450, -0.040120, 0.102002;
-0.059597, 0.000000, 0.059597, -0.128496, 0.041654;
-0.059597, 0.000000, 0.059597, -0.038435, -0.332756;
-0.088125, 0.000000, 0.088125, -0.105981, 0.047343;
-0.088125, 0.000000, 0.088125, -0.088753, -0.094507;
-0.088125, 0.000000, 0.088125, -0.081200, -0.064015;
-0.059597, 0.000000, 0.059597, -0.021283, -0.108002;
-0.059597, 0.000000, 0.059597, -0.065836, 0.126192;
-0.059597, 0.000000, 0.059597, -0.069553, 0.002076;
-0.088125, 0.000000, 0.088125, -0.122502, 0.028590;
-0.088125, 0.000000, 0.088125, -0.079481, -0.179403;
-0.031375, 0.000000, 0.031375, 0.053700, -0.234510;
-0.088125, 0.000000, 0.088125, -0.175308, 0.491792;
-0.031375, 0.000000, 0.031375, 0.030712, -0.437046;
-0.003450, 0.000000, 0.003450, 0.049291, 0.034488;
-0.059597, 0.000000, 0.059597, -0.157684, 0.444672;
-0.088125, 0.000000, 0.088125, -0.128131, -0.225063;
-0.088125, 0.000000, 0.088125, -0.053796, -0.302878;
-0.088125, 0.000000, 0.088125, -0.077702, 0.021528;
-0.088125, 0.000000, 0.088125, -0.096776, 0.032428;
-0.088125, 0.000000, 0.088125, -0.089128, -0.053274;
-0.003450, 0.000000, 0.003450, 0.111142, -0.321273;
-0.003450, 0.000000, 0.003450, -0.018542, 0.427252;
0.024178, 0.000000, -0.024178, 0.028173, 0.002580;
0.024178, 0.000000, -0.024178, 0.025008, 0.030058;
0.024178, 0.000000, -0.024178, 0.021764, 0.022473;
-0.059597, 0.000000, 0.059597, -0.169958, 0.272614;
-0.088125, 0.000000, 0.088125, -0.109140, -0.351968;
-0.003450, 0.000000, 0.003450, 0.144912, -0.533445;
0.024178, 0.000000, -0.024178, 0.049459, 0.416792;
-0.059597, 0.000000, 0.059597, -0.216212, 0.557124;
-0.003450, 0.000000, 0.003450, 0.081419, -0.732962;
-0.003450, 0.000000, 0.003450, 0.030154, 0.126454;
-0.059597, 0.000000, 0.059597, -0.159906, 0.385995;
-0.003450, 0.000000, 0.003450, 0.073863, -0.529647;
-0.003450, 0.000000, 0.003450, 0.014883, 0.168347;
-0.003450, 0.000000, 0.003450, -0.027054, 0.149945;
-0.003450, 0.000000, 0.003450, -0.006730, -0.055201;
0.024178, 0.000000, -0.024178, 0.066970, -0.125969;
0.105339, 0.000000, -0.105339, 0.206962, -0.096269;
0.105339, 0.000000, -0.105339, 0.077496, 0.482126;
0.051515, 0.000000, -0.051515, -0.048334, 0.255121;
-0.003450, 0.000000, 0.003450, -0.057338, -0.189295;
0.024178, 0.000000, -0.024178, 0.097355, -0.422650;
0.024178, 0.000000, -0.024178, 0.032639, 0.193765;
-0.003450, 0.000000, 0.003450, -0.060834, 0.209098;
-0.003450, 0.000000, 0.003450, 0.000756, -0.195291;
-0.003450, 0.000000, 0.003450, 0.012495, -0.055637;
0.024178, 0.000000, -0.024178, 0.058280, -0.035582;
-0.003450, 0.000000, 0.003450, -0.049023, 0.245914;
-0.059597, 0.000000, 0.059597, -0.137615, 0.054674;
-0.031375, 0.000000, 0.031375, 0.029755, -0.461238;
-0.003450, 0.000000, 0.003450, 0.049550, 0.017251;
-0.088125, 0.000000, 0.088125, -0.222394, 0.530464;
-0.031375, 0.000000, 0.031375, 0.045909, -0.647932;
0.024178, 0.000000, -0.024178, 0.125633, -0.062927;
0.024178, 0.000000, -0.024178, -0.010389, 0.468288;
0.024178, 0.000000, -0.024178, -0.002672, 0.022467;
-0.003450, 0.000000, 0.003450, -0.029057, -0.022523;
-0.059597, 0.000000, 0.059597, -0.121931, 0.046501;
-0.116965, 0.000000, 0.116965, -0.174490, -0.116038;
-0.088125, 0.000000, 0.088125, -0.021218, -0.448189;
-0.088125, 0.000000, 0.088125, -0.076802, 0.123001;
-0.088125, 0.000000, 0.088125, -0.106401, 0.075511;
-0.003450, 0.000000, 0.003450, 0.107013, -0.353733;
-0.003450, 0.000000, 0.003450, -0.013654, 0.395473;
-0.003450, 0.000000, 0.003450, -0.034961, 0.102128;
-0.031375, 0.000000, 0.031375, -0.063241, -0.021042;
-0.088125, 0.000000, 0.088125, -0.149180, 0.011607;
-0.088125, 0.000000, 0.088125, -0.068391, -0.315311;
-0.116965, 0.000000, 0.116965, -0.136827, 0.040198;
-0.059597, 0.000000, 0.059597, 0.015962, -0.298771;
-0.003450, 0.000000, 0.003450, 0.066988, 0.052374;
-0.003450, 0.000000, 0.003450, -0.035189, 0.358277;
-0.003450, 0.000000, 0.003450, -0.021944, -0.013748;
-0.003450, 0.000000, 0.003450, 0.006176, -0.093268;
-0.059597, 0.000000, 0.059597, -0.129022, 0.189006;
-0.088125, 0.000000, 0.088125, -0.117619, -0.187477;
-0.031375, 0.000000, 0.031375, 0.069130, -0.421074;
-0.059597, 0.000000, 0.059597, -0.099258, 0.401815;
-0.088125, 0.000000, 0.088125, -0.148122, 0.037598;
-0.003450, 0.000000, 0.003450, 0.126858, -0.568482;
0.024178, 0.000000, -0.024178, 0.060938, 0.318486;
-0.059597, 0.000000, 0.059597, -0.212269, 0.573894;
-0.088125, 0.000000, 0.088125, -0.117690, -0.436519;
-0.003450, 0.000000, 0.003450, 0.156669, -0.605799;
-0.059597, 0.000000, 0.059597, -0.142823, 0.713331;
-0.088125, 0.000000, 0.088125, -0.159432, -0.052447;
-0.031375, 0.000000, 0.031375, 0.075578, -0.566729;
-0.059597, 0.000000, 0.059597, -0.088636, 0.376901;
-0.088125, 0.000000, 0.088125, -0.150616, 0.078192;
-0.031375, 0.000000, 0.031375, 0.059653, -0.475281;
-0.003450, 0.000000, 0.003450, 0.039908, 0.156589;
-0.059597, 0.000000, 0.059597, -0.164766, 0.446843;
-0.059597, 0.000000, 0.059597, -0.059169, -0.349074;
-0.088125, 0.000000, 0.088125, -0.095028, -0.056483;
-0.059597, 0.000000, 0.059597, -0.018104, -0.173781;
-0.088125, 0.000000, 0.088125, -0.127354, 0.207322;
