stepSUB=[-0.116965, 0.000000, 0.116965;
-0.088125, 0.000000, 0.088125;
-0.059597, 0.000000, 0.059597;
-0.088125, 0.000000, 0.088125;
-0.088125, 0.000000, 0.088125;
-0.088125, 0.000000, 0.088125;
-0.116965, 0.000000, 0.116965;
-0.116965, 0.000000, 0.116965;
-0.088125, 0.000000, 0.088125;
-0.116965, 0.000000, 0.116965;
-0.116965, 0.000000, 0.116965;
-0.031375, 0.000000, 0.031375;
0.024178, 0.000000, -0.024178;
-0.146114, 0.000000, 0.146114;
-0.116965, 0.000000, 0.116965;
-0.088125, 0.000000, 0.088125;
-0.146114, 0.000000, 0.146114;
-0.175583, 0.000000, 0.175583;
-0.116965, 0.000000, 0.116965;
-0.088125, 0.000000, 0.088125;
-0.116965, 0.000000, 0.116965;
-0.116965, 0.000000, 0.116965;
-0.088125, 0.000000, 0.088125;
-0.088125, 0.000000, 0.088125;
-0.088125, 0.000000, 0.088125;
-0.088125, 0.000000, 0.088125;
-0.088125, 0.000000, 0.088125;
-0.116965, 0.000000, 0.116965;
-0.088125, 0.000000, 0.088125;
-0.088125, 0.000000, 0.088125;
-0.116965, 0.000000, 0.116965;
-0.088125, 0.000000, 0.088125;
-0.116965, 0.000000, 0.116965;
-0.088125, 0.000000, 0.088125;
-0.116965, 0.000000, 0.116965;
-0.088125, 0.000000, 0.088125;
-0.088125, 0.000000, 0.088125;
-0.088125, 0.000000, 0.088125;
-0.003450, 0.000000, 0.003450;
0.024178, 0.000000, -0.024178;
0.024178, 0.000000, -0.024178;
-0.088125, 0.000000, 0.088125;
-0.031375, 0.000000, 0.031375;
-0.059597, 0.000000, 0.059597;
-0.088125, 0.000000, 0.088125;
-0.031375, 0.000000, 0.031375;
-0.031375, 0.000000, 0.031375;
-0.088125, 0.000000, 0.088125;
-0.088125, 0.000000, 0.088125;
-0.031375, 0.000000, 0.031375;
-0.059597, 0.000000, 0.059597;
-0.088125, 0.000000, 0.088125;
-0.088125, 0.000000, 0.088125;
-0.088125, 0.000000, 0.088125;
-0.088125, 0.000000, 0.088125;
-0.088125, 0.000000, 0.088125;
-0.088125, 0.000000, 0.088125;
-0.088125, 0.000000, 0.088125;
-0.088125, 0.000000, 0.088125;
-0.088125, 0.000000, 0.088125;
-0.088125, 0.000000, 0.088125;
-0.088125, 0.000000, 0.088125;
-0.088125, 0.000000, 0.088125;
-0.088125, 0.000000, 0.088125;
-0.088125, 0.000000, 0.088125;
-0.059597, 0.000000, 0.059597;
-0.088125, 0.000000, 0.088125;
-0.088125, 0.000000, 0.088125;
-0.059597, 0.000000, 0.059597;
-0.088125, 0.000000, 0.088125;
-0.088125, 0.000000, 0.088125;
-0.088125, 0.000000, 0.088125;
-0.059597, 0.000000, 0.059597;
-0.088125, 0.000000, 0.088125;
-0.088125, 0.000000, 0.088125;
-0.088125, 0.000000, 0.088125;
-0.088125, 0.000000, 0.088125;
-0.088125, 0.000000, 0.088125;
-0.088125, 0.000000, 0.088125;
-0.146114, 0.000000, 0.146114;
-0.116965, 0.000000, 0.116965;
-0.088125, 0.000000, 0.088125;
-0.088125, 0.000000, 0.088125;
-0.088125, 0.000000, 0.088125;
-0.088125, 0.000000, 0.088125;
-0.088125, 0.000000, 0.088125;
-0.059597, 0.000000, 0.059597;
-0.088125, 0.000000, 0.088125;
-0.088125, 0.000000, 0.088125;
-0.088125, 0.000000, 0.088125;
-0.088125, 0.000000, 0.088125;
-0.088125, 0.000000, 0.088125;
-0.088125, 0.000000, 0.088125;
-0.116965, 0.000000, 0.116965;
-0.088125, 0.000000, 0.088125;
-0.088125, 0.000000, 0.088125;
-0.088125, 0.000000, 0.088125;
-0.088125, 0.000000, 0.088125;
-0.088125, 0.000000, 0.088125;
-0.088125, 1.000000, 1.088125;
-0.116965, 1.000000, 1.116965;
-0.116965, 1.000000, 1.116965;
-0.146114, 1.000000, 1.146114;
-0.116965, 1.000000, 1.116965;
-0.003450, 1.000000, 1.003450;
-0.059597, 1.000000, 1.059597;
0.051515, 1.000000, 0.948485;
0.184011, 1.000000, 0.815989;
0.184011, 1.000000, 0.815989;
0.184011, 1.000000, 0.815989;
0.475939, 1.000000, 0.524061;
0.587846, 1.000000, 0.412154;
0.429651, 1.000000, 0.570349;
0.673648, 1.000000, 0.326352;
0.816422, 1.000000, 0.183578;
0.694607, 1.000000, 0.305393;
0.673648, 1.000000, 0.326352;
0.796576, 1.000000, 0.203424;
0.715376, 1.000000, 0.284624;
0.776551, 1.000000, 0.223449;
0.931866, 1.000000, 0.068134;
0.931866, 1.000000, 0.068134;
0.931866, 1.000000, 0.068134;
1.111435, 1.000000, -0.111435;
1.076732, 1.000000, -0.076732;
1.005538, 1.000000, -0.005538;
1.128574, 1.000000, -0.128574;
1.111435, 1.000000, -0.111435;
0.969022, 1.000000, 0.030978;
1.094155, 1.000000, -0.094155;
1.128574, 1.000000, -0.128574;
1.005538, 1.000000, -0.005538;
0.987357, 1.000000, 0.012643;
1.059158, 1.000000, -0.059158;
0.913049, 1.000000, 0.086951;
0.874910, 1.000000, 0.125090;
0.950526, 1.000000, 0.049474;
0.913049, 1.000000, 0.086951;
0.950526, 1.000000, 0.049474;
1.041439, 1.000000, -0.041439;
0.987357, 1.000000, 0.012643;
1.005538, 1.000000, -0.005538;
1.041439, 1.000000, -0.041439;
0.950526, 1.000000, 0.049474;
0.931866, 1.000000, 0.068134;
1.023565, 1.000000, -0.023565;
0.855585, 1.000000, 0.144415;
0.816422, 1.000000, 0.183578;
0.987357, 1.000000, 0.012643;
0.855585, 1.000000, 0.144415;
0.715376, 1.000000, 0.284624;
0.931866, 1.000000, 0.068134;
0.855585, 1.000000, 0.144415;
0.735952, 1.000000, 0.264048;
0.894062, 1.000000, 0.105938;
0.931866, 1.000000, 0.068134;
0.816422, 1.000000, 0.183578;
0.931866, 1.000000, 0.068134;
0.969022, 1.000000, 0.030978;
0.796576, 1.000000, 0.203424;
0.855585, 1.000000, 0.144415;
0.969022, 1.000000, 0.030978;
0.796576, 1.000000, 0.203424;
0.855585, 1.000000, 0.144415;
1.005538, 1.000000, -0.005538;
0.913049, 1.000000, 0.086951;
0.931866, 1.000000, 0.068134;
1.023565, 1.000000, -0.023565;
0.931866, 1.000000, 0.068134;
0.969022, 1.000000, 0.030978;
1.094155, 1.000000, -0.094155;
1.023565, 1.000000, -0.023565;
0.950526, 1.000000, 0.049474;
1.059158, 1.000000, -0.059158;
1.076732, 1.000000, -0.076732;
0.913049, 1.000000, 0.086951;
1.023565, 1.000000, -0.023565;
1.128574, 1.000000, -0.128574;
0.950526, 1.000000, 0.049474;
0.913049, 1.000000, 0.086951;
0.987357, 1.000000, 0.012643;
0.836090, 1.000000, 0.163910;
0.894062, 1.000000, 0.105938;
0.987357, 1.000000, 0.012643;
0.894062, 1.000000, 0.105938;
0.913049, 1.000000, 0.086951;
0.913049, 1.000000, 0.086951;
0.816422, 1.000000, 0.183578;
0.836090, 1.000000, 0.163910;
0.913049, 1.000000, 0.086951;
0.855585, 1.000000, 0.144415;
0.894062, 1.000000, 0.105938;
0.969022, 1.000000, 0.030978;
0.874910, 1.000000, 0.125090;
0.931866, 1.000000, 0.068134;
0.987357, 1.000000, 0.012643;
0.894062, 1.000000, 0.105938;
0.894062, 1.000000, 0.105938;
0.950526, 1.000000, 0.049474;
0.836090, 1.000000, 0.163910;
0.913049, 1.000000, 0.086951;
0.969022, 1.000000, 0.030978;
0.913049, 1.000000, 0.086951;
0.874910, 1.000000, 0.125090;
0.950526, 1.000000, 0.049474;
0.894062, 1.000000, 0.105938;
0.874910, 1.000000, 0.125090;
0.913049, 1.000000, 0.086951;
0.874910, 1.000000, 0.125090;
0.855585, 1.000000, 0.144415;
0.969022, 1.000000, 0.030978;
0.950526, 1.000000, 0.049474;
0.836090, 1.000000, 0.163910;
0.894062, 1.000000, 0.105938;
0.969022, 1.000000, 0.030978;
0.836090, 1.000000, 0.163910;
0.836090, 1.000000, 0.163910;
0.969022, 1.000000, 0.030978;
0.894062, 1.000000, 0.105938;
0.816422, 1.000000, 0.183578;
0.855585, 1.000000, 0.144415;
0.796576, 1.000000, 0.203424;
0.756343, 1.000000, 0.243657;
0.776551, 1.000000, 0.223449;
0.836090, 1.000000, 0.163910;
0.913049, 1.000000, 0.086951;
0.913049, 1.000000, 0.086951;
0.894062, 1.000000, 0.105938;
0.796576, 1.000000, 0.203424;
0.836090, 1.000000, 0.163910;
0.816422, 1.000000, 0.183578;
0.673648, 1.000000, 0.326352;
0.673648, 1.000000, 0.326352;
0.855585, 1.000000, 0.144415;
0.874910, 1.000000, 0.125090;
0.816422, 1.000000, 0.183578;
0.855585, 1.000000, 0.144415;
0.874910, 1.000000, 0.125090;
0.816422, 1.000000, 0.183578;
0.855585, 1.000000, 0.144415;
0.931866, 1.000000, 0.068134;
0.874910, 1.000000, 0.125090;
0.855585, 1.000000, 0.144415;
0.874910, 1.000000, 0.125090;
0.855585, 1.000000, 0.144415;
0.836090, 1.000000, 0.163910;
0.836090, 1.000000, 0.163910;
0.816422, 1.000000, 0.183578;
0.816422, 1.000000, 0.183578;
0.894062, 1.000000, 0.105938;
0.836090, 1.000000, 0.163910;
0.855585, 1.000000, 0.144415;
0.913049, 1.000000, 0.086951;
0.836090, 1.000000, 0.163910;
0.735952, 1.000000, 0.264048;
0.796576, 1.000000, 0.203424;
0.776551, 1.000000, 0.223449;
0.796576, 1.000000, 0.203424;
0.894062, 1.000000, 0.105938;
0.816422, 1.000000, 0.183578;
0.776551, 1.000000, 0.223449;
0.836090, 1.000000, 0.163910;
