pextSUB=[0.024178, 0.000000, -0.024178, 0.036967, -0.017679;
-0.088125, 0.000000, 0.088125, -0.145017, 0.067088;
-0.088125, 0.000000, 0.088125, -0.101724, 0.066693;
-0.031375, 0.000000, 0.031375, 0.005442, -0.025142;
-0.003450, 0.000000, 0.003450, 0.025891, -0.062348;
-0.059597, 0.000000, 0.059597, -0.084927, 0.007877;
-0.088125, 0.000000, 0.088125, -0.111980, 0.051210;
-0.088125, 0.000000, 0.088125, -0.088560, 0.028501;
-0.116965, 0.000000, 0.116965, -0.125088, 0.022675;
-0.088125, 0.000000, 0.088125, -0.069307, -0.009991;
-0.088125, 0.000000, 0.088125, -0.077829, -0.020256;
-0.088125, 0.000000, 0.088125, -0.083439, -0.010200;
-0.088125, 0.000000, 0.088125, -0.084540, -0.003818;
-0.088125, 0.000000, 0.088125, -0.084076, -0.002629;
-0.088125, 0.000000, 0.088125, -0.083674, -0.003185;
-0.088125, 0.000000, 0.088125, -0.083569, -0.003645;
-0.116965, 0.000000, 0.116965, -0.127686, 0.017328;
-0.088125, 0.000000, 0.088125, -0.071359, -0.006895;
-0.116965, 0.000000, 0.116965, -0.122416, 0.003174;
-0.116965, 0.000000, 0.116965, -0.115145, 0.008266;
-0.088125, 0.000000, 0.088125, -0.066829, -0.021349;
-0.088125, 0.000000, 0.088125, -0.078409, -0.022976;
-0.116965, 0.000000, 0.116965, -0.128227, 0.011602;
-0.116965, 0.000000, 0.116965, -0.116592, 0.014905;
-0.088125, 0.000000, 0.088125, -0.066490, -0.019761;
-0.088125, 0.000000, 0.088125, -0.078004, -0.023393;
-0.116965, 0.000000, 0.116965, -0.128100, 0.011136;
-0.116965, 0.000000, 0.116965, -0.116604, 0.014763;
-0.031375, 0.000000, 0.031375, 0.020251, -0.061241;
-0.088125, 0.000000, 0.088125, -0.102140, -0.017142;
-0.088125, 0.000000, 0.088125, -0.094448, 0.018027;
-0.088125, 0.000000, 0.088125, -0.085391, 0.008583;
-0.088125, 0.000000, 0.088125, -0.082566, -0.001816;
-0.116965, 0.000000, 0.116965, -0.126930, 0.016135;
-0.116965, 0.000000, 0.116965, -0.115280, 0.013331;
-0.088125, 0.000000, 0.088125, -0.066112, -0.021264;
-0.116965, 0.000000, 0.116965, -0.122152, -0.002723;
-0.088125, 0.000000, 0.088125, -0.071835, -0.013045;
-0.088125, 0.000000, 0.088125, -0.079495, -0.017273;
-0.088125, 0.000000, 0.088125, -0.083766, -0.008305;
-0.116965, 0.000000, 0.116965, -0.128497, 0.017623;
-0.088125, 0.000000, 0.088125, -0.071697, -0.005955;
-0.088125, 0.000000, 0.088125, -0.078336, -0.017534;
-0.116965, 0.000000, 0.116965, -0.127354, 0.011439;
-0.116965, 0.000000, 0.116965, -0.116204, 0.013891;
-0.116965, 0.000000, 0.116965, -0.110557, 0.000891;
-0.088125, 0.000000, 0.088125, -0.065798, -0.026580;
-0.116965, 0.000000, 0.116965, -0.122823, -0.003013;
-0.088125, 0.000000, 0.088125, -0.072197, -0.012260;
-0.088125, 0.000000, 0.088125, -0.079545, -0.016863;
-0.088125, 0.000000, 0.088125, -0.083727, -0.008253;
-0.088125, 0.000000, 0.088125, -0.084376, -0.003512;
-0.088125, 0.000000, 0.088125, -0.083951, -0.002824;
-0.116965, 0.000000, 0.116965, -0.127740, 0.017760;
-0.116965, 0.000000, 0.116965, -0.115412, 0.014250;
-0.116965, 0.000000, 0.116965, -0.110128, -0.000036;
-0.088125, 0.000000, 0.088125, -0.065738, -0.027066;
-0.116965, 0.000000, 0.116965, -0.122870, -0.003076;
-0.088125, 0.000000, 0.088125, -0.072228, -0.012205;
-0.088125, 0.000000, 0.088125, -0.079551, -0.016827;
-0.116965, 0.000000, 0.116965, -0.127819, 0.012842;
-0.116965, 0.000000, 0.116965, -0.116208, 0.014412;
-0.088125, 0.000000, 0.088125, -0.066384, -0.020200;
-0.088125, 0.000000, 0.088125, -0.078022, -0.023510;
-0.116965, 0.000000, 0.116965, -0.128127, 0.011159;
-0.088125, 0.000000, 0.088125, -0.072518, -0.006294;
-0.031375, 0.000000, 0.031375, 0.007991, -0.058070;
-0.059597, 0.000000, 0.059597, -0.063827, -0.023789;
-0.088125, 0.000000, 0.088125, -0.106891, 0.027121;
-0.088125, 0.000000, 0.088125, -0.089869, 0.022924;
-0.088125, 0.000000, 0.088125, -0.082472, 0.003188;
-0.116965, 0.000000, 0.116965, -0.126113, 0.015954;
-0.116965, 0.000000, 0.116965, -0.114922, 0.012384;
-0.088125, 0.000000, 0.088125, -0.066089, -0.021667;
-0.088125, 0.000000, 0.088125, -0.078109, -0.023832;
-0.088125, 0.000000, 0.088125, -0.084123, -0.009824;
-0.088125, 0.000000, 0.088125, -0.084805, -0.003029;
-0.088125, 0.000000, 0.088125, -0.084080, -0.002332;
-0.088125, 0.000000, 0.088125, -0.083630, -0.003185;
-0.059597, 0.000000, 0.059597, -0.039931, -0.024556;
0.024178, 0.000000, -0.024178, 0.075989, -0.082773;
0.024178, 0.000000, -0.024178, 0.035094, -0.059484;
0.105339, 0.000000, -0.105339, 0.143450, -0.071602;
0.260302, 0.000000, -0.260302, 0.345723, -0.158387;
0.309895, 0.000000, -0.309895, 0.343382, -0.137737;
0.406168, 0.000000, -0.406168, 0.441332, -0.112606;
0.631147, 0.000000, -0.631147, 0.735843, -0.210646;
0.652497, 0.000000, -0.652497, 0.659711, -0.145010;
0.673648, 0.000000, -0.673648, 0.644097, -0.032795;
0.816422, 0.000000, -0.816422, 0.850424, -0.080922;
0.855585, 0.000000, -0.855585, 0.852626, -0.080789;
0.855585, 0.000000, -0.855585, 0.813157, -0.009835;
0.913049, 0.000000, -0.913049, 0.893303, -0.006962;
0.913049, 0.000000, -0.913049, 0.872151, 0.007669;
0.816422, 0.000000, -0.816422, 0.716673, 0.102713;
0.796576, 0.000000, -0.796576, 0.727508, 0.115288;
0.756343, 0.000000, -0.756343, 0.693594, 0.094670;
0.715376, 0.000000, -0.715376, 0.653389, 0.088832;
0.652497, 0.000000, -0.652497, 0.579747, 0.104742;
0.631147, 0.000000, -0.631147, 0.579832, 0.087725;
0.631147, 0.000000, -0.631147, 0.599343, 0.047789;
0.565887, 0.000000, -0.565887, 0.502628, 0.073385;
0.543721, 0.000000, -0.543721, 0.494517, 0.079191;
0.521344, 0.000000, -0.521344, 0.480306, 0.063291;
0.543721, 0.000000, -0.543721, 0.528511, 0.021674;
0.587846, 0.000000, -0.587846, 0.589180, -0.024050;
0.609598, 0.000000, -0.609598, 0.598395, -0.027026;
0.609598, 0.000000, -0.609598, 0.579778, 0.003136;
0.631147, 0.000000, -0.631147, 0.608578, 0.008601;
0.631147, 0.000000, -0.631147, 0.600729, 0.015484;
0.673648, 0.000000, -0.673648, 0.663063, -0.006563;
0.694607, 0.000000, -0.694607, 0.677182, -0.014280;
0.756343, 0.000000, -0.756343, 0.755364, -0.036385;
0.776551, 0.000000, -0.776551, 0.755908, -0.025872;
0.776551, 0.000000, -0.776551, 0.736873, 0.011282;
0.776551, 0.000000, -0.776551, 0.733605, 0.032891;
0.796576, 0.000000, -0.796576, 0.766009, 0.021742;
0.776551, 0.000000, -0.776551, 0.728263, 0.036451;
0.756343, 0.000000, -0.756343, 0.702520, 0.057322;
0.715376, 0.000000, -0.715376, 0.651848, 0.078984;
0.652497, 0.000000, -0.652497, 0.577501, 0.106673;
0.673648, 0.000000, -0.673648, 0.644050, 0.059233;
0.652497, 0.000000, -0.652497, 0.613956, 0.037688;
0.631147, 0.000000, -0.631147, 0.585660, 0.048895;
0.673648, 0.000000, -0.673648, 0.661093, 0.010486;
0.756343, 0.000000, -0.756343, 0.773271, -0.057373;
0.776551, 0.000000, -0.776551, 0.761135, -0.046398;
0.776551, 0.000000, -0.776551, 0.736178, 0.005497;
0.776551, 0.000000, -0.776551, 0.732384, 0.033782;
0.776551, 0.000000, -0.776551, 0.734953, 0.037791;
0.776551, 0.000000, -0.776551, 0.736785, 0.034746;
0.836090, 0.000000, -0.836090, 0.828214, -0.010875;
0.816422, 0.000000, -0.816422, 0.772697, 0.009601;
0.776551, 0.000000, -0.776551, 0.709012, 0.066103;
0.776551, 0.000000, -0.776551, 0.728890, 0.064512;
0.715376, 0.000000, -0.715376, 0.644506, 0.086149;
0.652497, 0.000000, -0.652497, 0.575136, 0.115109;
0.673648, 0.000000, -0.673648, 0.644233, 0.061862;
0.735952, 0.000000, -0.735952, 0.742046, -0.023584;
0.756343, 0.000000, -0.756343, 0.741795, -0.034070;
0.776551, 0.000000, -0.776551, 0.749853, -0.010124;
0.874910, 0.000000, -0.874910, 0.886825, -0.053820;
0.874910, 0.000000, -0.874910, 0.843024, -0.027841;
0.796576, 0.000000, -0.796576, 0.706560, 0.080005;
0.776551, 0.000000, -0.776551, 0.709151, 0.104757;
0.694607, 0.000000, -0.694607, 0.609628, 0.123718;
0.694607, 0.000000, -0.694607, 0.650325, 0.085355;
0.694607, 0.000000, -0.694607, 0.663642, 0.038574;
0.694607, 0.000000, -0.694607, 0.662724, 0.023750;
0.673648, 0.000000, -0.673648, 0.627958, 0.040356;
0.694607, 0.000000, -0.694607, 0.667826, 0.025877;
0.694607, 0.000000, -0.694607, 0.662743, 0.019067;
0.673648, 0.000000, -0.673648, 0.627245, 0.040400;
