stepSUB=[-0.088125, 0.000000, 0.088125, -0.134739, 0.064437;
-0.031375, 0.000000, 0.031375, -0.010507, 0.013282;
0.024178, 0.000000, -0.024178, 0.066520, -0.064547;
-0.003450, 0.000000, 0.003450, -0.008813, -0.028529;
-0.003450, 0.000000, 0.003450, -0.010268, 0.006700;
-0.003450, 0.000000, 0.003450, -0.005524, 0.007892;
-0.003450, 0.000000, 0.003450, -0.003098, 0.002358;
-0.003450, 0.000000, 0.003450, -0.002805, -0.000385;
-0.003450, 0.000000, 0.003450, -0.003089, -0.000687;
0.024178, 0.000000, -0.024178, 0.038972, -0.020553;
-0.059597, 0.000000, 0.059597, -0.100895, 0.043937;
0.024178, 0.000000, -0.024178, 0.057739, -0.012850;
-0.003450, 0.000000, 0.003450, -0.004992, -0.019052;
-0.059597, 0.000000, 0.059597, -0.092847, 0.043177;
-0.003450, 0.000000, 0.003450, 0.019183, -0.001997;
-0.059597, 0.000000, 0.059597, -0.078793, 0.014821;
-0.088125, 0.000000, 0.088125, -0.108011, 0.043977;
-0.031375, 0.000000, 0.031375, -0.001031, -0.017509;
-0.031375, 0.000000, 0.031375, -0.018687, -0.034510;
-0.003450, 0.000000, 0.003450, 0.013045, -0.034155;
0.024178, 0.000000, -0.024178, 0.041436, -0.038840;
0.024178, 0.000000, -0.024178, 0.025538, -0.019925;
0.024178, 0.000000, -0.024178, 0.020941, -0.001706;
0.024178, 0.000000, -0.024178, 0.021578, 0.003381;
-0.059597, 0.000000, 0.059597, -0.105425, 0.063825;
0.024178, 0.000000, -0.024178, 0.058664, -0.007864;
-0.059597, 0.000000, 0.059597, -0.089633, 0.020856;
-0.088125, 0.000000, 0.088125, -0.112203, 0.056497;
-0.003450, 0.000000, 0.003450, 0.041614, -0.033231;
0.024178, 0.000000, -0.024178, 0.055080, -0.072077;
-0.059597, 0.000000, 0.059597, -0.101226, 0.025937;
-0.031375, 0.000000, 0.031375, -0.030130, 0.028412;
-0.003450, 0.000000, 0.003450, 0.017337, -0.021740;
0.024178, 0.000000, -0.024178, 0.045379, -0.044008;
0.105339, 0.000000, -0.105339, 0.150696, -0.083783;
0.024178, 0.000000, -0.024178, -0.013753, 0.006013;
0.024178, 0.000000, -0.024178, 0.006372, 0.043618;
0.105339, 0.000000, -0.105339, 0.145772, -0.039666;
0.051515, 0.000000, -0.051515, 0.032519, -0.008876;
0.024178, 0.000000, -0.024178, -0.002348, 0.041337;
0.105339, 0.000000, -0.105339, 0.141299, -0.029492;
0.051515, 0.000000, -0.051515, 0.031974, -0.003819;
-0.031375, 0.000000, 0.031375, -0.086764, 0.082520;
-0.003450, 0.000000, 0.003450, -0.001084, 0.043351;
0.024178, 0.000000, -0.024178, 0.046709, -0.023510;
-0.003450, 0.000000, 0.003450, -0.011848, -0.006074;
0.024178, 0.000000, -0.024178, 0.034002, -0.010291;
0.051515, 0.000000, -0.051515, 0.068224, -0.031675;
0.024178, 0.000000, -0.024178, 0.011010, 0.000140;
0.024178, 0.000000, -0.024178, 0.017169, 0.014904;
0.024178, 0.000000, -0.024178, 0.022356, 0.007531;
0.051515, 0.000000, -0.051515, 0.065468, -0.018385;
-0.059597, 0.000000, 0.059597, -0.116331, 0.064413;
-0.031375, 0.000000, 0.031375, -0.031337, 0.045431;
-0.003450, 0.000000, 0.003450, 0.019391, -0.020579;
-0.059597, 0.000000, 0.059597, -0.081560, 0.014843;
-0.003450, 0.000000, 0.003450, 0.020149, -0.014721;
0.024178, 0.000000, -0.024178, 0.047790, -0.047378;
0.024178, 0.000000, -0.024178, 0.027225, -0.027193;
0.024178, 0.000000, -0.024178, 0.020618, -0.003564;
0.024178, 0.000000, -0.024178, 0.021138, 0.003784;
-0.031375, 0.000000, 0.031375, -0.062420, 0.043694;
0.024178, 0.000000, -0.024178, 0.046676, -0.004609;
0.078569, 0.000000, -0.078569, 0.116453, -0.066276;
0.051515, 0.000000, -0.051515, 0.042266, -0.024657;
0.051515, 0.000000, -0.051515, 0.041622, 0.010238;
0.105339, 0.000000, -0.105339, 0.128992, -0.028865;
0.051515, 0.000000, -0.051515, 0.026255, 0.010484;
0.024178, 0.000000, -0.024178, -0.002324, 0.048348;
0.105339, 0.000000, -0.105339, 0.142392, -0.029620;
0.051515, 0.000000, -0.051515, 0.032471, -0.005088;
0.024178, 0.000000, -0.024178, -0.001787, 0.041340;
0.024178, 0.000000, -0.024178, 0.017474, 0.029200;
0.024178, 0.000000, -0.024178, 0.024704, 0.006974;
-0.031375, 0.000000, 0.031375, -0.060243, 0.039502;
0.024178, 0.000000, -0.024178, 0.047058, -0.007081;
0.024178, 0.000000, -0.024178, 0.033092, -0.026915;
-0.059597, 0.000000, 0.059597, -0.104655, 0.050866;
-0.059597, 0.000000, 0.059597, -0.071058, 0.052681;
-0.059597, 0.000000, 0.059597, -0.054901, 0.013584;
-0.059597, 0.000000, 0.059597, -0.053293, -0.004650;
-0.088125, 0.000000, 0.088125, -0.098962, 0.014599;
-0.088125, 0.000000, 0.088125, -0.088052, 0.013881;
-0.088125, 0.000000, 0.088125, -0.083007, 0.001204;
-0.088125, 0.000000, 0.088125, -0.082578, -0.004483;
-0.088125, 0.000000, 0.088125, -0.083251, -0.004902;
-0.088125, 0.000000, 0.088125, -0.083634, -0.004112;
-0.088125, 0.000000, 0.088125, -0.083694, -0.003678;
-0.116965, 0.000000, 0.116965, -0.127749, 0.017473;
-0.059597, 0.000000, 0.059597, -0.027749, -0.027682;
-0.059597, 0.000000, 0.059597, -0.046824, -0.035639;
-0.088125, 0.000000, 0.088125, -0.100682, 0.007516;
-0.088125, 0.000000, 0.088125, -0.089957, 0.015983;
-0.059597, 0.000000, 0.059597, -0.039966, -0.017470;
-0.059597, 0.000000, 0.059597, -0.051023, -0.021576;
-0.088125, 0.000000, 0.088125, -0.100499, 0.012200;
-0.088125, 0.000000, 0.088125, -0.089148, 0.015702;
-0.088125, 0.000000, 0.088125, -0.083245, 0.002453;
-0.088125, 0.000000, 0.088125, -0.082497, -0.004224;
-0.088125, 0.000000, 0.088125, -0.083173, -0.004999;
-0.059597, 0.000000, 0.059597, -0.039995, -0.025061;
-0.088125, 0.000000, 0.088125, -0.095825, -0.000575;
-0.088125, 0.000000, 0.088125, -0.088909, 0.010448;
-0.059597, 0.000000, 0.059597, -0.040324, -0.018610;
-0.059597, 0.000000, 0.059597, -0.051368, -0.021144;
-0.088125, 0.000000, 0.088125, -0.100595, 0.012595;
-0.088125, 0.000000, 0.088125, -0.089133, 0.015809;
-0.059597, 0.000000, 0.059597, -0.039603, -0.018426;
-0.088125, 0.000000, 0.088125, -0.094616, -0.001125;
-0.088125, 0.000000, 0.088125, -0.088423, 0.009051;
-0.088125, 0.000000, 0.088125, -0.083927, 0.001704;
-0.088125, 0.000000, 0.088125, -0.082935, -0.003420;
-0.088125, 0.000000, 0.088125, -0.083256, -0.004501;
-0.088125, 0.000000, 0.088125, -0.083575, -0.004112;
-0.088125, 0.000000, 0.088125, -0.083665, -0.003747;
-0.088125, 0.000000, 0.088125, -0.083652, -0.003647;
-0.088125, 0.000000, 0.088125, -0.083630, -0.003664;
-0.088125, 0.000000, 0.088125, -0.083623, -0.003689;
-0.059597, 0.000000, 0.059597, -0.040005, -0.024557;
-0.088125, 0.000000, 0.088125, -0.095752, -0.000570;
-0.088125, 0.000000, 0.088125, -0.088874, 0.010363;
-0.088125, 0.000000, 0.088125, -0.083938, 0.002210;
-0.088125, 0.000000, 0.088125, -0.082862, -0.003415;
-0.088125, 0.000000, 0.088125, -0.083221, -0.004586;
-0.088125, 0.000000, 0.088125, -0.083571, -0.004152;
-0.088125, 0.000000, 0.088125, -0.083670, -0.003751;
-0.088125, 0.000000, 0.088125, -0.083655, -0.003642;
-0.088125, 0.000000, 0.088125, -0.083631, -0.003661;
-0.088125, 0.000000, 0.088125, -0.083622, -0.003689;
-0.088125, 0.000000, 0.088125, -0.083623, -0.003698;
-0.088125, 0.000000, 0.088125, -0.083624, -0.003697;
-0.088125, 0.000000, 0.088125, -0.083625, -0.003696;
-0.088125, 0.000000, 0.088125, -0.083625, -0.003695;
-0.116965, 0.000000, 0.116965, -0.127720, 0.017393;
-0.116965, 0.000000, 0.116965, -0.115459, 0.014232;
-0.116965, 0.000000, 0.116965, -0.110153, 0.000019;
-0.088125, 0.000000, 0.088125, -0.065741, -0.027038;
-0.116965, 0.000000, 0.116965, -0.122867, -0.003072;
-0.088125, 0.000000, 0.088125, -0.072227, -0.012208;
-0.088125, 0.000000, 0.088125, -0.079551, -0.016829;
-0.088125, 0.000000, 0.088125, -0.083724, -0.008246;
-0.088125, 0.000000, 0.088125, -0.084374, -0.003514;
-0.088125, 0.000000, 0.088125, -0.083951, -0.002827;
-0.088125, 0.000000, 0.088125, -0.083645, -0.003328;
-0.031375, 0.000000, 0.031375, 0.003191, -0.045173;
-0.088125, 0.000000, 0.088125, -0.107725, 0.002470;
-0.003450, 0.000000, 0.003450, 0.035401, -0.037671;
-0.003450, 0.000000, 0.003450, 0.009217, -0.044586;
-0.031375, 0.000000, 0.031375, -0.046918, 0.006380;
-0.031375, 0.000000, 0.031375, -0.036689, 0.018514;
0.024178, 0.000000, -0.024178, 0.054954, -0.034174;
0.024178, 0.000000, -0.024178, 0.032646, -0.035712;
