stairSUB=[0.024178, 0.000000, -0.024178, 0.055899, -0.077523;
0.024178, 0.000000, -0.024178, 0.019544, 0.129772;
0.024178, 0.000000, -0.024178, 0.014937, 0.034540;
0.024178, 0.000000, -0.024178, 0.025694, -0.023591;
0.024178, 0.000000, -0.024178, 0.026208, 0.004999;
0.024178, 0.000000, -0.024178, 0.023317, 0.018274;
0.024178, 0.000000, -0.024178, 0.023392, 0.009691;
0.024178, 0.000000, -0.024178, 0.024156, 0.006786;
0.024178, 0.000000, -0.024178, 0.024080, 0.009281;
0.024178, 0.000000, -0.024178, 0.023882, 0.009872;
0.051515, 0.000000, -0.051515, 0.087120, -0.078487;
0.024178, 0.000000, -0.024178, -0.017138, 0.243441;
0.024178, 0.000000, -0.024178, 0.018745, -0.098420;
0.024178, 0.000000, -0.024178, 0.036105, -0.056458;
0.024178, 0.000000, -0.024178, 0.024527, 0.041541;
0.051515, 0.000000, -0.051515, 0.083883, -0.063426;
0.024178, 0.000000, -0.024178, -0.017072, 0.233907;
0.051515, 0.000000, -0.051515, 0.082804, -0.189382;
0.024178, 0.000000, -0.024178, -0.005081, 0.180700;
0.051515, 0.000000, -0.051515, 0.082299, -0.153108;
0.105339, 0.000000, -0.105339, 0.179417, -0.068137;
0.051515, 0.000000, -0.051515, -0.039372, 0.532249;
0.024178, 0.000000, -0.024178, -0.022880, -0.129846;
0.105339, 0.000000, -0.105339, 0.243057, -0.528355;
0.078569, 0.000000, -0.078569, 0.038926, 0.573254;
0.051515, 0.000000, -0.051515, -0.019181, 0.137438;
0.024178, 0.000000, -0.024178, 0.006266, -0.182283;
0.051515, 0.000000, -0.051515, 0.110452, -0.238117;
0.024178, 0.000000, -0.024178, -0.013115, 0.292409;
0.024178, 0.000000, -0.024178, 0.012349, -0.060905;
0.105339, 0.000000, -0.105339, 0.223154, -0.332585;
0.051515, 0.000000, -0.051515, -0.032560, 0.640907;
0.051515, 0.000000, -0.051515, 0.027343, -0.143846;
0.078569, 0.000000, -0.078569, 0.139113, -0.241307;
0.051515, 0.000000, -0.051515, 0.014934, 0.305751;
0.024178, 0.000000, -0.024178, -0.024447, 0.042930;
0.024178, 0.000000, -0.024178, 0.040263, -0.209616;
0.051515, 0.000000, -0.051515, 0.099856, -0.084999;
0.051515, 0.000000, -0.051515, 0.040880, 0.213295;
0.024178, 0.000000, -0.024178, -0.025359, 0.133360;
0.051515, 0.000000, -0.051515, 0.095698, -0.266903;
0.051515, 0.000000, -0.051515, 0.059469, 0.124337;
0.051515, 0.000000, -0.051515, 0.037675, 0.099495;
0.024178, 0.000000, -0.024178, -0.013534, 0.074753;
0.051515, 0.000000, -0.051515, 0.095770, -0.233468;
0.051515, 0.000000, -0.051515, 0.056327, 0.137373;
0.051515, 0.000000, -0.051515, 0.037886, 0.089639;
0.105339, 0.000000, -0.105339, 0.174928, -0.188223;
0.051515, 0.000000, -0.051515, -0.026382, 0.465202;
0.051515, 0.000000, -0.051515, 0.040652, -0.181776;
0.078569, 0.000000, -0.078569, 0.136590, -0.193028;
0.078569, 0.000000, -0.078569, 0.074136, 0.225448;
0.051515, 0.000000, -0.051515, -0.001006, 0.173906;
0.024178, 0.000000, -0.024178, -0.005174, -0.082534;
-0.003450, 0.000000, 0.003450, -0.020698, -0.077885;
-0.059597, 0.000000, 0.059597, -0.120821, 0.064501;
-0.003450, 0.000000, 0.003450, 0.085753, -0.467974;
-0.088125, 0.000000, 0.088125, -0.192026, 0.519245;
-0.003450, 0.000000, 0.003450, 0.097929, -0.598388;
0.024178, 0.000000, -0.024178, 0.076415, 0.170227;
0.051515, 0.000000, -0.051515, 0.051350, 0.234205;
0.024178, 0.000000, -0.024178, -0.029712, 0.194044;
0.024178, 0.000000, -0.024178, 0.029057, -0.176386;
0.051515, 0.000000, -0.051515, 0.101887, -0.125121;
0.051515, 0.000000, -0.051515, 0.043693, 0.207635;
0.051515, 0.000000, -0.051515, 0.037097, 0.056817;
0.051515, 0.000000, -0.051515, 0.053899, -0.031826;
0.024178, 0.000000, -0.024178, -0.008694, 0.101310;
0.024178, 0.000000, -0.024178, 0.027906, -0.112927;
0.024178, 0.000000, -0.024178, 0.033283, -0.018831;
-0.031375, 0.000000, 0.031375, -0.106131, 0.220649;
-0.088125, 0.000000, 0.088125, -0.154517, -0.102077;
-0.088125, 0.000000, 0.088125, -0.055637, -0.383960;
-0.088125, 0.000000, 0.088125, -0.069567, -0.018275;
-0.003450, 0.000000, 0.003450, 0.098983, -0.215882;
0.024178, 0.000000, -0.024178, 0.041040, 0.321386;
0.051515, 0.000000, -0.051515, 0.053384, 0.125005;
-0.031375, 0.000000, 0.031375, -0.148916, 0.340291;
-0.088125, 0.000000, 0.088125, -0.148272, -0.261191;
-0.088125, 0.000000, 0.088125, -0.043877, -0.415242;
-0.088125, 0.000000, 0.088125, -0.072005, 0.025233;
-0.088125, 0.000000, 0.088125, -0.099725, 0.060646;
-0.003450, 0.000000, 0.003450, 0.105348, -0.327953;
0.024178, 0.000000, -0.024178, 0.048577, 0.308831;
0.051515, 0.000000, -0.051515, 0.051139, 0.155753;
0.024178, 0.000000, -0.024178, -0.022320, 0.163267;
0.024178, 0.000000, -0.024178, 0.028570, -0.153237;
0.024178, 0.000000, -0.024178, 0.036753, -0.030971;
0.024178, 0.000000, -0.024178, 0.021865, 0.054275;
0.024178, 0.000000, -0.024178, 0.020702, 0.016519;
0.024178, 0.000000, -0.024178, 0.024739, -0.003298;
0.024178, 0.000000, -0.024178, 0.024753, 0.008201;
0.024178, 0.000000, -0.024178, 0.023678, 0.012632;
0.024178, 0.000000, -0.024178, 0.023753, 0.009251;
-0.003450, 0.000000, 0.003450, -0.039842, 0.096903;
0.024178, 0.000000, -0.024178, 0.065535, -0.227586;
-0.003450, 0.000000, 0.003450, -0.034689, 0.206867;
-0.031375, 0.000000, 0.031375, -0.075249, 0.016867;
-0.003450, 0.000000, 0.003450, 0.048288, -0.302390;
-0.003450, 0.000000, 0.003450, 0.003214, 0.131016;
0.024178, 0.000000, -0.024178, 0.045363, -0.008107;
0.024178, 0.000000, -0.024178, 0.018170, 0.106928;
0.024178, 0.000000, -0.024178, 0.017712, 0.019435;
-0.059597, 0.000000, 0.059597, -0.167841, 0.252365;
-0.088125, 0.000000, 0.088125, -0.108217, -0.349684;
-0.003450, 0.000000, 0.003450, 0.144282, -0.528227;
-0.088125, 0.000000, 0.088125, -0.210382, 0.775882;
-0.059597, 0.000000, 0.059597, -0.047168, -0.407039;
-0.059597, 0.000000, 0.059597, -0.026953, -0.110243;
-0.088125, 0.000000, 0.088125, -0.131204, 0.186896;
-0.116965, 0.000000, 0.116965, -0.156914, -0.067804;
-0.031375, 0.000000, 0.031375, 0.100158, -0.525193;
0.024178, 0.000000, -0.024178, 0.092463, 0.243397;
0.024178, 0.000000, -0.024178, -0.023560, 0.428708;
-0.003450, 0.000000, 0.003450, -0.056878, 0.033997;
0.024178, 0.000000, -0.024178, 0.079146, -0.331675;
0.024178, 0.000000, -0.024178, 0.032701, 0.142900;
-0.003450, 0.000000, 0.003450, -0.056109, 0.190117;
0.024178, 0.000000, -0.024178, 0.064258, -0.268813;
0.024178, 0.000000, -0.024178, 0.033597, 0.096614;
0.024178, 0.000000, -0.024178, 0.011662, 0.088178;
-0.003450, 0.000000, 0.003450, -0.041682, 0.069928;
-0.003450, 0.000000, 0.003450, 0.005002, -0.157912;
0.024178, 0.000000, -0.024178, 0.070972, -0.110023;
-0.003450, 0.000000, 0.003450, -0.047872, 0.277428;
-0.003450, 0.000000, 0.003450, -0.011256, -0.107966;
0.024178, 0.000000, -0.024178, 0.073714, -0.167634;
0.024178, 0.000000, -0.024178, 0.020118, 0.179888;
-0.003450, 0.000000, 0.003450, -0.053829, 0.144895;
0.024178, 0.000000, -0.024178, 0.067430, -0.275238;
-0.059597, 0.000000, 0.059597, -0.160928, 0.377732;
-0.003450, 0.000000, 0.003450, 0.072971, -0.540701;
-0.059597, 0.000000, 0.059597, -0.113707, 0.339666;
-0.088125, 0.000000, 0.088125, -0.138160, -0.057528;
-0.088125, 0.000000, 0.088125, -0.064811, -0.286506;
-0.031375, 0.000000, 0.031375, 0.056969, -0.206117;
-0.088125, 0.000000, 0.088125, -0.179431, 0.517973;
-0.031375, 0.000000, 0.031375, 0.030145, -0.446533;
-0.003450, 0.000000, 0.003450, 0.050430, 0.028215;
0.024178, 0.000000, -0.024178, 0.036069, 0.179043;
0.024178, 0.000000, -0.024178, 0.005236, 0.134567;
0.024178, 0.000000, -0.024178, 0.021024, -0.030978;
0.024178, 0.000000, -0.024178, 0.029032, -0.019778;
0.024178, 0.000000, -0.024178, 0.024343, 0.022176;
0.024178, 0.000000, -0.024178, 0.022565, 0.016008;
-0.003450, 0.000000, 0.003450, -0.039932, 0.093873;
-0.003450, 0.000000, 0.003450, 0.001982, -0.140578;
0.024178, 0.000000, -0.024178, 0.070728, -0.117668;
0.024178, 0.000000, -0.024178, 0.016824, 0.184791;
0.024178, 0.000000, -0.024178, 0.011082, 0.042652;
-0.031375, 0.000000, 0.031375, -0.101748, 0.139448;
-0.059597, 0.000000, 0.059597, -0.082995, -0.203723;
-0.031375, 0.000000, 0.031375, 0.031099, -0.298968;
-0.088125, 0.000000, 0.088125, -0.161700, 0.356993;
