pextSUB=[-0.116965, 0.000000, 0.116965, -0.101771, -0.079587;
-0.116965, 0.000000, 0.116965, -0.118999, 0.008399;
-0.205380, 0.000000, 0.205380, -0.474833, 0.658514;
-0.116965, 0.000000, 0.116965, 0.038396, -1.385831;
-0.088125, 0.000000, 0.088125, 0.011264, 0.088681;
-0.088125, 0.000000, 0.088125, -0.140324, 0.481493;
-0.088125, 0.000000, 0.088125, -0.110848, -0.087529;
-0.088125, 0.000000, 0.088125, -0.071578, -0.165089;
-0.088125, 0.000000, 0.088125, -0.082177, -0.009534;
-0.088125, 0.000000, 0.088125, -0.091836, -0.000410;
-0.088125, 0.000000, 0.088125, -0.088311, -0.042462;
-0.088125, 0.000000, 0.088125, -0.085999, -0.041819;
-0.088125, 0.000000, 0.088125, -0.087105, -0.030682;
-0.116965, 0.000000, 0.116965, -0.154316, 0.060803;
-0.205380, 0.000000, 0.205380, -0.315032, 0.094138;
-0.146114, 0.000000, 0.146114, -0.039455, -0.739862;
-0.088125, 0.000000, 0.088125, 0.009421, 0.000645;
-0.116965, 0.000000, 0.116965, -0.195718, 0.535162;
-0.088125, 0.000000, 0.088125, -0.068762, -0.296034;
-0.088125, 0.000000, 0.088125, -0.069084, -0.042770;
-0.116965, 0.000000, 0.116965, -0.161135, 0.141453;
-0.088125, 0.000000, 0.088125, -0.048327, -0.283294;
-0.116965, 0.000000, 0.116965, -0.146245, 0.150756;
-0.088125, 0.000000, 0.088125, -0.055742, -0.209319;
-0.116965, 0.000000, 0.116965, -0.149743, 0.143935;
-0.116965, 0.000000, 0.116965, -0.120199, -0.135921;
-0.088125, 0.000000, 0.088125, -0.038935, -0.192581;
-0.088125, 0.000000, 0.088125, -0.092038, 0.137304;
-0.116965, 0.000000, 0.116965, -0.167459, 0.101690;
-0.116965, 0.000000, 0.116965, -0.108444, -0.235723;
-0.031375, 0.000000, 0.031375, 0.096203, -0.357072;
-0.003450, 0.000000, 0.003450, 0.014991, 0.377528;
-0.059597, 0.000000, 0.059597, -0.173757, 0.413706;
-0.088125, 0.000000, 0.088125, -0.117949, -0.312519;
-0.116965, 0.000000, 0.116965, -0.116954, -0.195635;
-0.116965, 0.000000, 0.116965, -0.103981, -0.111069;
-0.116965, 0.000000, 0.116965, -0.115312, -0.014321;
-0.116965, 0.000000, 0.116965, -0.118935, -0.030633;
-0.116965, 0.000000, 0.116965, -0.115756, -0.053863;
-0.116965, 0.000000, 0.116965, -0.115034, -0.047699;
-0.116965, 0.000000, 0.116965, -0.115933, -0.041958;
-0.116965, 0.000000, 0.116965, -0.116060, -0.044015;
-0.116965, 0.000000, 0.116965, -0.115811, -0.045392;
-0.116965, 0.000000, 0.116965, -0.115796, -0.044744;
-0.116965, 0.000000, 0.116965, -0.115863, -0.044425;
-0.116965, 0.000000, 0.116965, -0.115862, -0.044621;
-0.116965, 0.000000, 0.116965, -0.115845, -0.044692;
-0.116965, 0.000000, 0.116965, -0.115846, -0.044634;
-0.116965, 0.000000, 0.116965, -0.115851, -0.044620;
-0.116965, 0.000000, 0.116965, -0.115850, -0.044636;
-0.116965, 0.000000, 0.116965, -0.115849, -0.044639;
-0.116965, 0.000000, 0.116965, -0.115849, -0.044634;
-0.116965, 0.000000, 0.116965, -0.115849, -0.044634;
-0.116965, 0.000000, 0.116965, -0.115849, -0.044635;
-0.116965, 0.000000, 0.116965, -0.115849, -0.044635;
-0.088125, 0.000000, 0.088125, -0.049172, -0.137105;
-0.146114, 0.000000, 0.146114, -0.226607, 0.296092;
-0.205380, 0.000000, 0.205380, -0.281928, -0.124660;
-0.235505, 0.000000, 0.235505, -0.238583, -0.377123;
-0.235505, 0.000000, 0.235505, -0.207180, -0.228452;
-0.146114, 0.000000, 0.146114, -0.025819, -0.306654;
-0.116965, 0.000000, 0.116965, -0.100475, 0.326564;
-0.116965, 0.000000, 0.116965, -0.154162, 0.173354;
-0.116965, 0.000000, 0.116965, -0.118449, -0.141942;
-0.088125, 0.000000, 0.088125, -0.038922, -0.186260;
-0.116965, 0.000000, 0.116965, -0.159284, 0.232268;
-0.116965, 0.000000, 0.116965, -0.124067, -0.147302;
-0.116965, 0.000000, 0.116965, -0.102801, -0.122654;
-0.175583, 0.000000, 0.175583, -0.250053, 0.175146;
-0.205380, 0.000000, 0.205380, -0.235680, -0.245414;
-0.146114, 0.000000, 0.146114, -0.039220, -0.488143;
-0.116965, 0.000000, 0.116965, -0.080298, 0.190473;
-0.088125, 0.000000, 0.088125, -0.084246, 0.123885;
-0.116965, 0.000000, 0.116965, -0.167303, 0.136872;
-0.116965, 0.000000, 0.116965, -0.111544, -0.221273;
-0.116965, 0.000000, 0.116965, -0.101594, -0.091727;
-0.116965, 0.000000, 0.116965, -0.117948, 0.004625;
-0.146114, 0.000000, 0.146114, -0.186872, 0.057641;
-0.175583, 0.000000, 0.175583, -0.206719, -0.120361;
-0.116965, 0.000000, 0.116965, -0.021249, -0.433737;
-0.116965, 0.000000, 0.116965, -0.117934, 0.260090;
-0.116965, 0.000000, 0.116965, -0.142769, 0.061915;
-0.116965, 0.000000, 0.116965, -0.113518, -0.130959;
-0.088125, 0.000000, 0.088125, -0.042202, -0.158891;
-0.116965, 0.000000, 0.116965, -0.160345, 0.227203;
-0.116965, 0.000000, 0.116965, -0.123116, -0.154226;
-0.088125, 0.000000, 0.088125, -0.035911, -0.213272;
-0.088125, 0.000000, 0.088125, -0.091484, 0.143695;
-0.116965, 0.000000, 0.116965, -0.168304, 0.106728;
-0.116965, 0.000000, 0.116965, -0.108530, -0.237791;
-0.116965, 0.000000, 0.116965, -0.101447, -0.083833;
-0.116965, 0.000000, 0.116965, -0.118750, 0.008310;
-0.116965, 0.000000, 0.116965, -0.119458, -0.038204;
-0.088125, 0.000000, 0.088125, -0.048136, -0.151668;
-0.088125, 0.000000, 0.088125, -0.091652, 0.109510;
-0.116965, 0.000000, 0.116965, -0.165049, 0.092956;
-0.088125, 0.000000, 0.088125, -0.042047, -0.320151;
-0.116965, 0.000000, 0.116965, -0.145664, 0.166356;
-0.116965, 0.000000, 0.116965, -0.124132, -0.108185;
-0.116965, 0.000000, 0.116965, -0.106409, -0.108110;
-0.116965, 0.000000, 0.116965, -0.114246, -0.024283;
-0.088125, 0.000000, 0.088125, -0.051791, -0.121826;
-0.116965, 0.000000, 0.116965, -0.159448, 0.196088;
-0.088125, 0.000000, 0.088125, -0.053954, -0.254285;
-0.088125, 0.000000, 0.088125, -0.079695, 0.042820;
-0.116965, 0.000000, 0.116965, -0.164287, 0.123945;
-0.116965, 0.000000, 0.116965, -0.111951, -0.212324;
-0.116965, 0.000000, 0.116965, -0.102265, -0.090282;
-0.116965, 0.000000, 0.116965, -0.117781, 0.002007;
-0.116965, 0.000000, 0.116965, -0.119311, -0.036029;
-0.116965, 0.000000, 0.116965, -0.115082, -0.057681;
-0.116965, 0.000000, 0.116965, -0.114984, -0.045972;
-0.116965, 0.000000, 0.116965, -0.116117, -0.041067;
-0.175583, 0.000000, 0.175583, -0.251584, 0.143410;
-0.116965, 0.000000, 0.116965, -0.027622, -0.548166;
-0.088125, 0.000000, 0.088125, -0.037953, 0.093823;
-0.116965, 0.000000, 0.116965, -0.185320, 0.343816;
-0.088125, 0.000000, 0.088125, -0.055925, -0.320042;
-0.088125, 0.000000, 0.088125, -0.072688, 0.008569;
-0.088125, 0.000000, 0.088125, -0.097599, 0.051489;
-0.116965, 0.000000, 0.116965, -0.157180, 0.042589;
-0.088125, 0.000000, 0.088125, -0.040951, -0.302226;
-0.088125, 0.000000, 0.088125, -0.081151, 0.085856;
-0.116965, 0.000000, 0.116965, -0.167629, 0.133425;
-0.116965, 0.000000, 0.116965, -0.111319, -0.224474;
-0.088125, 0.000000, 0.088125, -0.034745, -0.184387;
-0.116965, 0.000000, 0.116965, -0.161375, 0.252621;
-0.088125, 0.000000, 0.088125, -0.058337, -0.241901;
-0.088125, 0.000000, 0.088125, -0.078862, 0.026868;
-0.088125, 0.000000, 0.088125, -0.096505, 0.029346;
-0.116965, 0.000000, 0.116965, -0.155618, 0.039337;
-0.088125, 0.000000, 0.088125, -0.041356, -0.296100;
-0.175583, 0.000000, 0.175583, -0.283738, 0.366693;
-0.205380, 0.000000, 0.205380, -0.240402, -0.334586;
-0.116965, 0.000000, 0.116965, 0.038383, -0.638029;
-0.116965, 0.000000, 0.116965, -0.123529, 0.467045;
-0.088125, 0.000000, 0.088125, -0.092551, 0.022014;
-0.116965, 0.000000, 0.116965, -0.154291, 0.058742;
-0.088125, 0.000000, 0.088125, -0.043519, -0.282130;
-0.088125, 0.000000, 0.088125, -0.081832, 0.081420;
-0.088125, 0.000000, 0.088125, -0.100229, 0.036066;
-0.088125, 0.000000, 0.088125, -0.087879, -0.068131;
-0.088125, 0.000000, 0.088125, -0.083807, -0.049528;
-0.088125, 0.000000, 0.088125, -0.087381, -0.023280;
-0.116965, 0.000000, 0.116965, -0.154879, 0.062314;
-0.088125, 0.000000, 0.088125, -0.043827, -0.283898;
-0.088125, 0.000000, 0.088125, -0.081552, 0.079259;
-0.088125, 0.000000, 0.088125, -0.100158, 0.036561;
-0.116965, 0.000000, 0.116965, -0.154634, 0.024864;
-0.116965, 0.000000, 0.116965, -0.107133, -0.204493;
-0.088125, 0.000000, 0.088125, -0.038499, -0.157078;
-0.088125, 0.000000, 0.088125, -0.095536, 0.152832;
