stepSUB=[0.024178, 0.000000, -0.024178, 0.033262, -0.023917;
0.051515, 0.000000, -0.051515, 0.058680, -0.107847;
0.105339, 0.000000, -0.105339, 0.129221, -0.170763;
0.131834, 0.000000, -0.131834, 0.139160, -0.227752;
0.131834, 0.000000, -0.131834, 0.134957, -0.097403;
0.131834, 0.000000, -0.131834, 0.116705, 0.054650;
0.078569, 0.000000, -0.078569, 0.028553, 0.159499;
0.024178, 0.000000, -0.024178, -0.020893, 0.261039;
0.024178, 0.000000, -0.024178, -0.004809, 0.140901;
-0.031375, 0.000000, 0.031375, -0.067365, -0.074397;
-0.088125, 0.000000, 0.088125, -0.085898, -0.004966;
-0.088125, 0.000000, 0.088125, -0.077080, 0.068001;
-0.088125, 0.000000, 0.088125, -0.087827, 0.055501;
-0.003450, 0.000000, 0.003450, 0.035136, -0.045287;
0.024178, 0.000000, -0.024178, 0.031956, -0.310645;
0.024178, 0.000000, -0.024178, 0.059361, -0.189289;
0.105339, 0.000000, -0.105339, 0.143636, -0.070368;
0.131834, 0.000000, -0.131834, 0.120300, -0.103298;
0.051515, 0.000000, -0.051515, 0.013914, 0.078573;
0.078569, 0.000000, -0.078569, 0.075850, 0.264756;
0.105339, 0.000000, -0.105339, 0.066296, -0.021269;
0.131834, 0.000000, -0.131834, 0.138671, -0.229690;
0.051515, 0.000000, -0.051515, 0.026075, -0.265429;
0.024178, 0.000000, -0.024178, 0.040733, 0.151303;
0.024178, 0.000000, -0.024178, -0.012454, 0.239725;
-0.059597, 0.000000, 0.059597, -0.120099, 0.257271;
-0.088125, 0.000000, 0.088125, -0.107800, 0.239232;
-0.003450, 0.000000, 0.003450, 0.017401, -0.111096;
0.024178, 0.000000, -0.024178, 0.047024, -0.501662;
0.024178, 0.000000, -0.024178, 0.079418, -0.363934;
0.051515, 0.000000, -0.051515, 0.083922, -0.029589;
0.105339, 0.000000, -0.105339, 0.104980, 0.174021;
0.131834, 0.000000, -0.131834, 0.098112, 0.085934;
0.131834, 0.000000, -0.131834, 0.107378, -0.067790;
0.131834, 0.000000, -0.131834, 0.124310, -0.177561;
0.131834, 0.000000, -0.131834, 0.131685, -0.171105;
0.131834, 0.000000, -0.131834, 0.126312, -0.069067;
0.184011, 0.000000, -0.184011, 0.184946, -0.020746;
0.158056, 0.000000, -0.158056, 0.113789, -0.098247;
0.158056, 0.000000, -0.158056, 0.149988, 0.014711;
0.235131, 0.000000, -0.235131, 0.230058, -0.134371;
0.184011, 0.000000, -0.184011, 0.138210, -0.269984;
0.158056, 0.000000, -0.158056, 0.156038, 0.004292;
0.131834, 0.000000, -0.131834, 0.083110, 0.099283;
0.078569, 0.000000, -0.078569, 0.026365, 0.204509;
0.051515, 0.000000, -0.051515, 0.006607, 0.154159;
0.024178, 0.000000, -0.024178, -0.009364, -0.013662;
0.024178, 0.000000, -0.024178, 0.025155, -0.133581;
0.024178, 0.000000, -0.024178, 0.030651, -0.194995;
0.024178, 0.000000, -0.024178, 0.036034, -0.092538;
0.024178, 0.000000, -0.024178, 0.020288, 0.032391;
0.024178, 0.000000, -0.024178, 0.009344, 0.102585;
0.105339, 0.000000, -0.105339, 0.116860, -0.021659;
0.105339, 0.000000, -0.105339, 0.084670, -0.310108;
0.051515, 0.000000, -0.051515, 0.055956, -0.143892;
0.051515, 0.000000, -0.051515, 0.051741, 0.108704;
0.024178, 0.000000, -0.024178, -0.017037, 0.194589;
0.024178, 0.000000, -0.024178, 0.000852, 0.182387;
0.051515, 0.000000, -0.051515, 0.037731, -0.082804;
0.024178, 0.000000, -0.024178, 0.018962, -0.254319;
-0.059597, 0.000000, 0.059597, -0.064273, -0.049700;
-0.003450, 0.000000, 0.003450, 0.027817, 0.217655;
0.024178, 0.000000, -0.024178, -0.006529, 0.007308;
0.024178, 0.000000, -0.024178, 0.027324, -0.071792;
0.024178, 0.000000, -0.024178, 0.027249, -0.146508;
0.024178, 0.000000, -0.024178, 0.035873, -0.074664;
0.078569, 0.000000, -0.078569, 0.097608, -0.038118;
0.105339, 0.000000, -0.105339, 0.099097, -0.127305;
0.078569, 0.000000, -0.078569, 0.066648, -0.065923;
0.131834, 0.000000, -0.131834, 0.145999, 0.010004;
0.131834, 0.000000, -0.131834, 0.100652, -0.126186;
0.105339, 0.000000, -0.105339, 0.094710, -0.027768;
0.078569, 0.000000, -0.078569, 0.051433, 0.049471;
0.024178, 0.000000, -0.024178, -0.014369, 0.152351;
-0.003450, 0.000000, 0.003450, -0.032710, 0.195139;
-0.003450, 0.000000, 0.003450, -0.023970, 0.051180;
0.024178, 0.000000, -0.024178, 0.032499, -0.156597;
0.024178, 0.000000, -0.024178, 0.036678, -0.277536;
-0.003450, 0.000000, 0.003450, 0.010855, -0.100059;
0.024178, 0.000000, -0.024178, 0.037461, 0.123271;
0.024178, 0.000000, -0.024178, -0.004723, 0.113007;
0.105339, 0.000000, -0.105339, 0.122849, -0.004313;
0.131834, 0.000000, -0.131834, 0.119886, -0.367154;
0.051515, 0.000000, -0.051515, 0.049347, -0.221422;
0.105339, 0.000000, -0.105339, 0.138725, 0.113337;
0.105339, 0.000000, -0.105339, 0.056525, 0.049435;
0.131834, 0.000000, -0.131834, 0.127213, 0.067500;
0.131834, 0.000000, -0.131834, 0.098769, -0.166041;
0.051515, 0.000000, -0.051515, 0.026641, -0.085570;
-0.003450, 0.000000, 0.003450, -0.022187, 0.180500;
0.024178, 0.000000, -0.024178, 0.008844, 0.228322;
0.024178, 0.000000, -0.024178, -0.009032, -0.021302;
-0.003450, 0.000000, 0.003450, -0.007198, -0.132531;
0.024178, 0.000000, -0.024178, 0.050167, -0.146606;
0.024178, 0.000000, -0.024178, 0.027782, -0.140428;
0.024178, 0.000000, -0.024178, 0.032397, 0.028508;
0.024178, 0.000000, -0.024178, 0.008759, 0.097135;
0.024178, 0.000000, -0.024178, 0.008175, 0.090649;
0.078569, 0.000000, -0.078569, 0.085575, -0.066216;
0.078569, 0.000000, -0.078569, 0.071607, -0.275541;
0.024178, 0.000000, -0.024178, 0.026053, -0.111061;
0.024178, 0.000000, -0.024178, 0.027507, 0.158137;
-0.003450, 0.000000, 0.003450, -0.045211, 0.210380;
-0.031375, 0.000000, 0.031375, -0.059886, 0.208172;
-0.088125, 0.000000, 0.088125, -0.124180, 0.081415;
-0.088125, 0.000000, 0.088125, -0.073858, 0.033732;
-0.003450, 0.000000, 0.003450, 0.035192, -0.203243;
-0.031375, 0.000000, 0.031375, -0.023608, -0.332683;
-0.003450, 0.000000, 0.003450, 0.051943, -0.022966;
0.024178, 0.000000, -0.024178, 0.018907, 0.049618;
0.105339, 0.000000, -0.105339, 0.125456, 0.057164;
0.051515, 0.000000, -0.051515, 0.001626, -0.142847;
0.024178, 0.000000, -0.024178, 0.037646, 0.090981;
0.024178, 0.000000, -0.024178, 0.001640, 0.067465;
0.024178, 0.000000, -0.024178, 0.016662, 0.054330;
-0.003450, 0.000000, 0.003450, -0.023327, -0.021360;
0.024178, 0.000000, -0.024178, 0.042729, -0.017474;
-0.003450, 0.000000, 0.003450, -0.021563, -0.104803;
-0.059597, 0.000000, 0.059597, -0.062904, 0.104778;
-0.088125, 0.000000, 0.088125, -0.104840, 0.249533;
-0.088125, 0.000000, 0.088125, -0.102198, 0.211799;
-0.031375, 0.000000, 0.031375, -0.016513, -0.051972;
-0.088125, 0.000000, 0.088125, -0.096689, -0.271429;
-0.003450, 0.000000, 0.003450, 0.082471, -0.093662;
0.024178, 0.000000, -0.024178, 0.023360, -0.230198;
0.024178, 0.000000, -0.024178, 0.050830, 0.031834;
0.105339, 0.000000, -0.105339, 0.118438, 0.046684;
0.105339, 0.000000, -0.105339, 0.079127, -0.105379;
0.078569, 0.000000, -0.078569, 0.072824, -0.032201;
0.024178, 0.000000, -0.024178, -0.005435, 0.076825;
0.024178, 0.000000, -0.024178, 0.015506, 0.204640;
0.024178, 0.000000, -0.024178, -0.005534, 0.047348;
0.024178, 0.000000, -0.024178, 0.023002, -0.075281;
-0.031375, 0.000000, 0.031375, -0.046155, -0.109174;
-0.003450, 0.000000, 0.003450, 0.028241, 0.058476;
0.024178, 0.000000, -0.024178, 0.016217, -0.048381;
0.024178, 0.000000, -0.024178, 0.028210, -0.044803;
0.051515, 0.000000, -0.051515, 0.061165, -0.062286;
0.024178, 0.000000, -0.024178, 0.009475, -0.059219;
0.024178, 0.000000, -0.024178, 0.029590, 0.081685;
0.024178, 0.000000, -0.024178, 0.005439, 0.051584;
0.024178, 0.000000, -0.024178, 0.017612, 0.022689;
0.024178, 0.000000, -0.024178, 0.018274, -0.056167;
0.024178, 0.000000, -0.024178, 0.028235, -0.071778;
0.024178, 0.000000, -0.024178, 0.026567, -0.047545;
0.024178, 0.000000, -0.024178, 0.023294, 0.007225;
0.024178, 0.000000, -0.024178, 0.017039, 0.035621;
0.024178, 0.000000, -0.024178, 0.015643, 0.024810;
0.024178, 0.000000, -0.024178, 0.017989, -0.014270;
-0.059597, 0.000000, 0.059597, -0.092686, 0.038086;
-0.059597, 0.000000, 0.059597, -0.048101, 0.234728;
-0.088125, 0.000000, 0.088125, -0.124039, 0.099773;
-0.003450, 0.000000, 0.003450, 0.041586, -0.007034;
-0.031375, 0.000000, 0.031375, -0.049701, -0.348075;
