pextARX=[-0.767418, 0.000000, 0.767418, -1.774252, 2.460591;
-0.695328, 0.000000, 0.695328, -0.453669, -4.350138;
-0.624955, 0.000000, 0.624955, -0.253132, -0.935037;
-0.624955, 0.000000, 0.624955, -0.714119, 1.229484;
-0.659933, 0.000000, 0.659933, -0.792636, -0.016319;
-0.556236, 0.000000, 0.556236, -0.375688, -1.154010;
-0.489111, 0.000000, 0.489111, -0.379266, 0.052818;
-0.456134, 0.000000, 0.456134, -0.471700, 0.303493;
-0.359434, 0.000000, 0.359434, -0.260217, -0.391710;
-0.359434, 0.000000, 0.359434, -0.367384, 0.229739;
-0.423526, 0.000000, 0.423526, -0.532306, 0.155251;
-0.456134, 0.000000, 0.456134, -0.478466, -0.476000;
-0.359434, 0.000000, 0.359434, -0.191295, -0.729197;
-0.423526, 0.000000, 0.423526, -0.516057, 0.630910;
-0.556236, 0.000000, 0.556236, -0.760780, 0.103136;
-0.489111, 0.000000, 0.489111, -0.341476, -1.313273;
-0.556236, 0.000000, 0.556236, -0.595248, 0.280938;
-0.695328, 0.000000, 0.695328, -0.903397, 0.204681;
-0.624955, 0.000000, 0.624955, -0.484489, -1.341768;
-0.695328, 0.000000, 0.695328, -0.735434, 0.208805;
-0.841282, 0.000000, 0.841282, -1.054407, 0.154602;
-0.878902, 0.000000, 0.878902, -0.876925, -1.080323;
-0.878902, 0.000000, 0.878902, -0.802760, -0.654811;
-0.878902, 0.000000, 0.878902, -0.871950, -0.138016;
-0.804122, 0.000000, 0.804122, -0.715369, -0.507011;
-0.659933, 0.000000, 0.659933, -0.475017, -0.454054;
-0.624955, 0.000000, 0.624955, -0.622304, 0.419262;
-0.659933, 0.000000, 0.659933, -0.755351, 0.113877;
-0.624955, 0.000000, 0.624955, -0.563193, -0.708031;
-0.767418, 0.000000, 0.767418, -0.927349, 0.306821;
-0.955559, 0.000000, 0.955559, -1.186614, -0.266857;
-1.034169, 0.000000, 1.034169, -1.045256, -1.231600;
-1.074228, 0.000000, 1.074228, -1.037824, -0.694657;
-0.994616, 0.000000, 0.994616, -0.869433, -0.656067;
-0.916991, 0.000000, 0.916991, -0.826169, -0.179217;
-0.916991, 0.000000, 0.916991, -0.954234, 0.111938;
-0.916991, 0.000000, 0.916991, -0.929650, -0.390233;
-0.994616, 0.000000, 0.994616, -1.074209, -0.217101;
-1.034169, 0.000000, 1.034169, -1.057761, -0.620180;
-1.197546, 0.000000, 1.197546, -1.369837, -0.119801;
-1.197546, 0.000000, 1.197546, -1.148197, -1.214957;
-1.114806, 0.000000, 1.114806, -0.942946, -0.833383;
-1.074228, 0.000000, 1.074228, -1.038733, 0.059108;
-0.916991, 0.000000, 0.916991, -0.751453, -0.611116;
-0.878902, 0.000000, 0.878902, -0.853490, 0.187207;
-0.994616, 0.000000, 0.994616, -1.189844, 0.320865;
-1.155907, 0.000000, 1.155907, -1.339572, -0.574429;
-1.197546, 0.000000, 1.197546, -1.154874, -1.296455;
-1.197546, 0.000000, 1.197546, -1.127125, -0.635589;
-1.197546, 0.000000, 1.197546, -1.196724, -0.247487;
-1.114806, 0.000000, 1.114806, -1.009551, -0.692741;
-0.994616, 0.000000, 0.994616, -0.837455, -0.456407;
-0.916991, 0.000000, 0.916991, -0.854758, 0.053778;
-0.804122, 0.000000, 0.804122, -0.701552, -0.295555;
-0.878902, 0.000000, 0.878902, -1.003279, 0.399131;
-1.114806, 0.000000, 1.114806, -1.429269, 0.066738;
-1.239732, 0.000000, 1.239732, -1.311592, -1.399166;
-1.114806, 0.000000, 1.114806, -0.827463, -1.637630;
-1.074228, 0.000000, 1.074228, -1.013873, 0.301413;
-1.155907, 0.000000, 1.155907, -1.337355, 0.364429;
-1.074228, 0.000000, 1.074228, -0.950099, -1.313329;
-0.841282, 0.000000, 0.841282, -0.486896, -0.954265;
-0.804122, 0.000000, 0.804122, -0.825431, 0.980552;
-0.556236, 0.000000, 0.556236, -0.324820, -0.741977;
-0.556236, 0.000000, 0.556236, -0.583059, 0.682784;
-0.695328, 0.000000, 0.695328, -0.939060, 0.425227;
-0.624955, 0.000000, 0.624955, -0.488125, -1.425033;
-0.624955, 0.000000, 0.624955, -0.563278, -0.065485;
-0.556236, 0.000000, 0.556236, -0.500956, -0.129902;
-0.556236, 0.000000, 0.556236, -0.575477, 0.062882;
-0.695328, 0.000000, 0.695328, -0.886399, 0.223360;
-0.624955, 0.000000, 0.624955, -0.493358, -1.253758;
-0.489111, 0.000000, 0.489111, -0.262772, -0.460688;
-0.489111, 0.000000, 0.489111, -0.547636, 0.770970;
-0.489111, 0.000000, 0.489111, -0.543669, -0.119084;
-0.489111, 0.000000, 0.489111, -0.463798, -0.439887;
-0.489111, 0.000000, 0.489111, -0.470252, -0.185492;
-0.556236, 0.000000, 0.556236, -0.646171, 0.095903;
-0.624955, 0.000000, 0.624955, -0.700882, -0.331814;
-0.624955, 0.000000, 0.624955, -0.579487, -0.668907;
-0.624955, 0.000000, 0.624955, -0.597503, -0.216659;
-0.695328, 0.000000, 0.695328, -0.793518, 0.096629;
-0.878902, 0.000000, 0.878902, -1.105127, -0.041749;
-0.916991, 0.000000, 0.916991, -0.895425, -1.230320;
-0.916991, 0.000000, 0.916991, -0.836954, -0.630703;
-1.034169, 0.000000, 1.034169, -1.185811, 0.254424;
-1.034169, 0.000000, 1.034169, -1.021248, -0.923459;
-0.916991, 0.000000, 0.916991, -0.706604, -0.958151;
-1.034169, 0.000000, 1.034169, -1.204327, 0.759031;
-1.074228, 0.000000, 1.074228, -1.151377, -0.689201;
-1.074228, 0.000000, 1.074228, -1.002647, -0.933898;
-1.074228, 0.000000, 1.074228, -1.043479, -0.320471;
-1.074228, 0.000000, 1.074228, -1.081623, -0.279398;
-1.074228, 0.000000, 1.074228, -1.068133, -0.443490;
-1.074228, 0.000000, 1.074228, -1.058989, -0.442226;
-1.074228, 0.000000, 1.074228, -1.063246, -0.398656;
-1.074228, 0.000000, 1.074228, -1.065367, -0.402172;
-1.074228, 0.000000, 1.074228, -1.064080, -0.413504;
-1.074228, 0.000000, 1.074228, -1.063610, -0.411740;
-1.074228, 0.000000, 1.074228, -1.063986, -0.408856;
-1.074228, 0.000000, 1.074228, -1.064084, -0.409535;
-0.994616, 0.000000, 0.994616, -0.879916, -0.665515;
-0.955559, 0.000000, 0.955559, -0.909306, -0.107944;
-0.994616, 0.000000, 0.994616, -1.073531, 0.038747;
-0.994616, 0.000000, 0.994616, -0.986829, -0.641433;
-0.916991, 0.000000, 0.916991, -0.780843, -0.736296;
-1.034169, 0.000000, 1.034169, -1.194539, 0.488763;
-0.994616, 0.000000, 0.994616, -0.946950, -1.001427;
-0.916991, 0.000000, 0.916991, -0.762785, -0.681192;
-0.916991, 0.000000, 0.916991, -0.936661, 0.219454;
-0.955559, 0.000000, 0.955559, -1.036804, -0.142993;
-0.916991, 0.000000, 0.916991, -0.840095, -0.834487;
-0.916991, 0.000000, 0.916991, -0.891191, -0.208573;
-1.034169, 0.000000, 1.034169, -1.199731, 0.160238;
-1.034169, 0.000000, 1.034169, -1.006119, -1.024707;
-0.916991, 0.000000, 0.916991, -0.704038, -0.925297;
-1.034169, 0.000000, 1.034169, -1.208542, 0.783600;
-0.955559, 0.000000, 0.955559, -0.877393, -1.080220;
-0.916991, 0.000000, 0.916991, -0.816405, -0.426389;
-0.916991, 0.000000, 0.916991, -0.938974, 0.059289;
-1.034169, 0.000000, 1.034169, -1.202903, 0.036919;
-1.114806, 0.000000, 1.114806, -1.179646, -0.827919;
-1.074228, 0.000000, 1.074228, -0.946419, -1.075147;
-1.114806, 0.000000, 1.114806, -1.146607, 0.025366;
-0.955559, 0.000000, 0.955559, -0.761782, -0.969320;
-0.916991, 0.000000, 0.916991, -0.871820, 0.171071;
-0.878902, 0.000000, 0.878902, -0.880628, -0.096047;
-0.916991, 0.000000, 0.916991, -0.972653, -0.164755;
-1.034169, 0.000000, 1.034169, -1.170003, -0.211490;
-1.074228, 0.000000, 1.074228, -1.077957, -0.897780;
-0.955559, 0.000000, 0.955559, -0.742268, -1.047799;
-1.074228, 0.000000, 1.074228, -1.240368, 0.732291;
-1.034169, 0.000000, 1.034169, -1.006547, -0.948798;
-0.916991, 0.000000, 0.916991, -0.707504, -0.893532;
-0.916991, 0.000000, 0.916991, -0.938678, 0.404109;
-1.074228, 0.000000, 1.074228, -1.327085, 0.298588;
-0.994616, 0.000000, 0.994616, -0.839564, -1.654806;
-1.034169, 0.000000, 1.034169, -1.018664, -0.043276;
-1.074228, 0.000000, 1.074228, -1.154880, -0.110209;
-0.955559, 0.000000, 0.955559, -0.779913, -1.110170;
-0.916991, 0.000000, 0.916991, -0.853930, 0.027174;
-0.916991, 0.000000, 0.916991, -0.963754, 0.055247;
-0.955559, 0.000000, 0.955559, -1.009528, -0.333374;
-0.916991, 0.000000, 0.916991, -0.834778, -0.778290;
-0.916991, 0.000000, 0.916991, -0.898824, -0.162180;
-0.916991, 0.000000, 0.916991, -0.929676, -0.233819;
-0.804122, 0.000000, 0.804122, -0.648356, -0.768672;
-0.767418, 0.000000, 0.767418, -0.726386, 0.111615;
-0.767418, 0.000000, 0.767418, -0.808988, 0.025389;
-0.767418, 0.000000, 0.767418, -0.767147, -0.401803;
-0.841282, 0.000000, 0.841282, -0.917517, -0.130545;
