stepARX=[-0.003450, 0.000000, 0.003450;
-0.059597, 0.000000, 0.059597;
-0.003450, 0.000000, 0.003450;
-0.003450, 0.000000, 0.003450;
0.024178, 0.000000, -0.024178;
0.024178, 0.000000, -0.024178;
-0.003450, 0.000000, 0.003450;
-0.031375, 0.000000, 0.031375;
-0.003450, 0.000000, 0.003450;
-0.088125, 0.000000, 0.088125;
-0.003450, 0.000000, 0.003450;
0.024178, 0.000000, -0.024178;
0.024178, 0.000000, -0.024178;
-0.003450, 0.000000, 0.003450;
-0.003450, 0.000000, 0.003450;
-0.059597, 0.000000, 0.059597;
-0.003450, 0.000000, 0.003450;
-0.031375, 0.000000, 0.031375;
-0.003450, 0.000000, 0.003450;
0.024178, 0.000000, -0.024178;
-0.003450, 0.000000, 0.003450;
-0.003450, 0.000000, 0.003450;
0.024178, 0.000000, -0.024178;
-0.003450, 0.000000, 0.003450;
-0.031375, 0.000000, 0.031375;
0.024178, 0.000000, -0.024178;
0.024178, 0.000000, -0.024178;
-0.003450, 0.000000, 0.003450;
0.024178, 0.000000, -0.024178;
-0.059597, 0.000000, 0.059597;
-0.003450, 0.000000, 0.003450;
0.024178, 0.000000, -0.024178;
0.024178, 0.000000, -0.024178;
0.024178, 0.000000, -0.024178;
-0.003450, 0.000000, 0.003450;
-0.031375, 0.000000, 0.031375;
-0.003450, 0.000000, 0.003450;
0.078569, 0.000000, -0.078569;
-0.003450, 0.000000, 0.003450;
-0.003450, 0.000000, 0.003450;
0.105339, 0.000000, -0.105339;
-0.059597, 0.000000, 0.059597;
0.024178, 0.000000, -0.024178;
0.131834, 0.000000, -0.131834;
-0.031375, 0.000000, 0.031375;
-0.031375, 0.000000, 0.031375;
0.024178, 0.000000, -0.024178;
-0.031375, 0.000000, 0.031375;
-0.031375, 0.000000, 0.031375;
0.105339, 0.000000, -0.105339;
-0.003450, 0.000000, 0.003450;
-0.059597, 0.000000, 0.059597;
0.078569, 0.000000, -0.078569;
-0.003450, 0.000000, 0.003450;
-0.059597, 0.000000, 0.059597;
0.051515, 0.000000, -0.051515;
-0.003450, 0.000000, 0.003450;
-0.003450, 0.000000, 0.003450;
0.105339, 0.000000, -0.105339;
0.024178, 0.000000, -0.024178;
-0.003450, 0.000000, 0.003450;
0.105339, 0.000000, -0.105339;
0.024178, 0.000000, -0.024178;
-0.003450, 0.000000, 0.003450;
0.078569, 0.000000, -0.078569;
0.051515, 0.000000, -0.051515;
-0.031375, 0.000000, 0.031375;
0.024178, 0.000000, -0.024178;
-0.059597, 0.000000, 0.059597;
-0.059597, 0.000000, 0.059597;
-0.003450, 0.000000, 0.003450;
-0.031375, 0.000000, 0.031375;
0.024178, 0.000000, -0.024178;
0.024178, 0.000000, -0.024178;
0.051515, 0.000000, -0.051515;
0.051515, 0.000000, -0.051515;
0.051515, 0.000000, -0.051515;
0.078569, 0.000000, -0.078569;
0.051515, 0.000000, -0.051515;
0.051515, 0.000000, -0.051515;
0.078569, 0.000000, -0.078569;
-0.031375, 0.000000, 0.031375;
-0.003450, 0.000000, 0.003450;
0.105339, 0.000000, -0.105339;
-0.003450, 0.000000, 0.003450;
0.024178, 0.000000, -0.024178;
0.105339, 0.000000, -0.105339;
0.024178, 0.000000, -0.024178;
0.051515, 0.000000, -0.051515;
0.105339, 0.000000, -0.105339;
-0.031375, 0.000000, 0.031375;
-0.003450, 0.000000, 0.003450;
0.131834, 0.000000, -0.131834;
0.078569, 0.000000, -0.078569;
-0.031375, 0.000000, 0.031375;
0.078569, 0.000000, -0.078569;
-0.003450, 0.000000, 0.003450;
-0.059597, 0.000000, 0.059597;
0.051515, 0.000000, -0.051515;
-0.031375, 1.000000, 1.031375;
0.024178, 1.000000, 0.975822;
0.078569, 1.000000, 0.921431;
0.024178, 1.000000, 0.975822;
0.024178, 1.000000, 0.975822;
0.078569, 1.000000, 0.921431;
0.184011, 1.000000, 0.815989;
0.334322, 1.000000, 0.665678;
0.406168, 1.000000, 0.593832;
0.587846, 1.000000, 0.412154;
0.694607, 1.000000, 0.305393;
0.855585, 1.000000, 0.144415;
0.969022, 1.000000, 0.030978;
0.950526, 1.000000, 0.049474;
1.111435, 1.000000, -0.111435;
1.195718, 1.000000, -0.195718;
1.162423, 1.000000, -0.162423;
1.260705, 1.000000, -0.260705;
1.292418, 1.000000, -0.292418;
1.179138, 1.000000, -0.179138;
1.111435, 1.000000, -0.111435;
1.094155, 1.000000, -0.094155;
0.950526, 1.000000, 0.049474;
0.931866, 1.000000, 0.068134;
0.913049, 1.000000, 0.086951;
0.776551, 1.000000, 0.223449;
0.816422, 1.000000, 0.183578;
0.874910, 1.000000, 0.125090;
0.776551, 1.000000, 0.223449;
0.756343, 1.000000, 0.243657;
0.816422, 1.000000, 0.183578;
0.836090, 1.000000, 0.163910;
0.894062, 1.000000, 0.105938;
1.023565, 1.000000, -0.023565;
1.005538, 1.000000, -0.005538;
0.969022, 1.000000, 0.030978;
1.076732, 1.000000, -0.076732;
1.094155, 1.000000, -0.094155;
0.969022, 1.000000, 0.030978;
1.128574, 1.000000, -0.128574;
1.128574, 1.000000, -0.128574;
0.913049, 1.000000, 0.086951;
1.041439, 1.000000, -0.041439;
1.111435, 1.000000, -0.111435;
0.913049, 1.000000, 0.086951;
0.894062, 1.000000, 0.105938;
0.969022, 1.000000, 0.030978;
0.836090, 1.000000, 0.163910;
0.816422, 1.000000, 0.183578;
0.894062, 1.000000, 0.105938;
0.816422, 1.000000, 0.183578;
0.776551, 1.000000, 0.223449;
0.913049, 1.000000, 0.086951;
0.894062, 1.000000, 0.105938;
0.855585, 1.000000, 0.144415;
1.023565, 1.000000, -0.023565;
1.041439, 1.000000, -0.041439;
0.987357, 1.000000, 0.012643;
1.094155, 1.000000, -0.094155;
1.041439, 1.000000, -0.041439;
0.931866, 1.000000, 0.068134;
1.076732, 1.000000, -0.076732;
1.076732, 1.000000, -0.076732;
0.950526, 1.000000, 0.049474;
0.969022, 1.000000, 0.030978;
0.931866, 1.000000, 0.068134;
0.836090, 1.000000, 0.163910;
0.836090, 1.000000, 0.163910;
0.836090, 1.000000, 0.163910;
0.913049, 1.000000, 0.086951;
0.969022, 1.000000, 0.030978;
0.931866, 1.000000, 0.068134;
0.855585, 1.000000, 0.144415;
0.950526, 1.000000, 0.049474;
1.041439, 1.000000, -0.041439;
1.059158, 1.000000, -0.059158;
1.005538, 1.000000, -0.005538;
1.041439, 1.000000, -0.041439;
1.094155, 1.000000, -0.094155;
1.111435, 1.000000, -0.111435;
1.076732, 1.000000, -0.076732;
1.111435, 1.000000, -0.111435;
1.041439, 1.000000, -0.041439;
0.874910, 1.000000, 0.125090;
0.855585, 1.000000, 0.144415;
0.855585, 1.000000, 0.144415;
0.836090, 1.000000, 0.163910;
0.874910, 1.000000, 0.125090;
1.005538, 1.000000, -0.005538;
1.041439, 1.000000, -0.041439;
1.005538, 1.000000, -0.005538;
1.023565, 1.000000, -0.023565;
1.005538, 1.000000, -0.005538;
0.836090, 1.000000, 0.163910;
0.816422, 1.000000, 0.183578;
0.894062, 1.000000, 0.105938;
0.855585, 1.000000, 0.144415;
0.894062, 1.000000, 0.105938;
1.005538, 1.000000, -0.005538;
1.005538, 1.000000, -0.005538;
0.931866, 1.000000, 0.068134;
0.931866, 1.000000, 0.068134;
0.969022, 1.000000, 0.030978;
0.931866, 1.000000, 0.068134;
0.913049, 1.000000, 0.086951;
0.913049, 1.000000, 0.086951;
0.950526, 1.000000, 0.049474;
0.987357, 1.000000, 0.012643;
0.855585, 1.000000, 0.144415;
0.836090, 1.000000, 0.163910;
0.894062, 1.000000, 0.105938;
0.913049, 1.000000, 0.086951;
0.855585, 1.000000, 0.144415;
0.836090, 1.000000, 0.163910;
0.836090, 1.000000, 0.163910;
0.894062, 1.000000, 0.105938;
0.913049, 1.000000, 0.086951;
0.969022, 1.000000, 0.030978;
0.987357, 1.000000, 0.012643;
0.931866, 1.000000, 0.068134;
0.913049, 1.000000, 0.086951;
0.931866, 1.000000, 0.068134;
0.969022, 1.000000, 0.030978;
0.987357, 1.000000, 0.012643;
0.987357, 1.000000, 0.012643;
0.987357, 1.000000, 0.012643;
0.855585, 1.000000, 0.144415;
0.894062, 1.000000, 0.105938;
0.874910, 1.000000, 0.125090;
0.836090, 1.000000, 0.163910;
0.874910, 1.000000, 0.125090;
0.913049, 1.000000, 0.086951;
0.874910, 1.000000, 0.125090;
0.931866, 1.000000, 0.068134;
0.987357, 1.000000, 0.012643;
0.950526, 1.000000, 0.049474;
0.855585, 1.000000, 0.144415;
0.855585, 1.000000, 0.144415;
0.855585, 1.000000, 0.144415;
0.796576, 1.000000, 0.203424;
0.796576, 1.000000, 0.203424;
0.855585, 1.000000, 0.144415;
0.855585, 1.000000, 0.144415;
0.855585, 1.000000, 0.144415;
0.913049, 1.000000, 0.086951;
0.931866, 1.000000, 0.068134;
0.874910, 1.000000, 0.125090;
0.816422, 1.000000, 0.183578;
0.836090, 1.000000, 0.163910;
0.855585, 1.000000, 0.144415;
0.855585, 1.000000, 0.144415;
0.855585, 1.000000, 0.144415;
0.913049, 1.000000, 0.086951;
0.931866, 1.000000, 0.068134;
0.816422, 1.000000, 0.183578;
0.796576, 1.000000, 0.203424;
0.836090, 1.000000, 0.163910;
0.894062, 1.000000, 0.105938;
0.855585, 1.000000, 0.144415;
0.855585, 1.000000, 0.144415;
0.855585, 1.000000, 0.144415;
0.855585, 1.000000, 0.144415;
