stairSUB=[-0.116965, 0.000000, 0.116965, -0.160909, 0.115702;
-0.116965, 0.000000, 0.116965, -0.101938, 0.390907;
-0.116965, 0.000000, 0.116965, -0.151661, 0.126536;
-0.146114, 0.000000, 0.146114, -0.138573, -0.009457;
-0.205380, 0.000000, 0.205380, -0.199147, -0.039513;
-0.205380, 0.000000, 0.205380, -0.164360, 0.132922;
-0.146114, 0.000000, 0.146114, -0.114590, 0.065864;
-0.088125, 0.000000, 0.088125, -0.052005, -0.114452;
-0.088125, 0.000000, 0.088125, -0.060188, -0.190732;
-0.088125, 0.000000, 0.088125, -0.050339, -0.006250;
-0.088125, 0.000000, 0.088125, -0.079149, 0.151839;
-0.088125, 0.000000, 0.088125, -0.090663, 0.225094;
-0.116965, 0.000000, 0.116965, -0.134583, 0.160115;
-0.116965, 0.000000, 0.116965, -0.104930, 0.087804;
-0.116965, 0.000000, 0.116965, -0.103341, -0.060469;
-0.175583, 0.000000, 0.175583, -0.165466, -0.004556;
-0.116965, 0.000000, 0.116965, -0.061865, 0.143786;
-0.146114, 0.000000, 0.146114, -0.164212, 0.010828;
-0.116965, 0.000000, 0.116965, -0.069387, 0.138408;
-0.088125, 0.000000, 0.088125, -0.080633, -0.060617;
-0.116965, 0.000000, 0.116965, -0.097304, -0.028422;
-0.116965, 0.000000, 0.116965, -0.091805, 0.091740;
-0.116965, 0.000000, 0.116965, -0.109347, 0.132559;
-0.116965, 0.000000, 0.116965, -0.108596, 0.127872;
-0.116965, 0.000000, 0.116965, -0.107240, 0.055956;
-0.116965, 0.000000, 0.116965, -0.097818, 0.002570;
-0.116965, 0.000000, 0.116965, -0.094044, -0.004536;
-0.116965, 0.000000, 0.116965, -0.094966, 0.040283;
-0.116965, 0.000000, 0.116965, -0.100984, 0.090110;
-0.116965, 0.000000, 0.116965, -0.105517, 0.107582;
-0.088125, 0.000000, 0.088125, -0.066195, 0.053834;
-0.116965, 0.000000, 0.116965, -0.116530, -0.026367;
-0.175583, 0.000000, 0.175583, -0.166158, 0.142057;
-0.205380, 0.000000, 0.205380, -0.201636, 0.295955;
-0.235505, 0.000000, 0.235505, -0.243650, 0.292383;
-0.175583, 0.000000, 0.175583, -0.138234, 0.114543;
-0.205380, 0.000000, 0.205380, -0.198226, -0.203672;
-0.235505, 0.000000, 0.235505, -0.175158, -0.015807;
-0.146114, 0.000000, 0.146114, -0.079209, 0.069104;
-0.116965, 0.000000, 0.116965, -0.098129, -0.041571;
-0.116965, 0.000000, 0.116965, -0.085108, 0.041004;
-0.088125, 0.000000, 0.088125, -0.061379, 0.066944;
-0.003450, 0.000000, 0.003450, 0.037969, -0.040335;
-0.059597, 0.000000, 0.059597, -0.074340, -0.152969;
-0.116965, 0.000000, 0.116965, -0.095776, 0.213549;
-0.088125, 0.000000, 0.088125, -0.085991, 0.309475;
-0.088125, 0.000000, 0.088125, -0.104931, 0.130891;
-0.088125, 0.000000, 0.088125, -0.074116, -0.033021;
-0.116965, 0.000000, 0.116965, -0.102054, -0.111003;
-0.088125, 0.000000, 0.088125, -0.039468, 0.003488;
-0.088125, 0.000000, 0.088125, -0.080661, 0.011247;
-0.088125, 0.000000, 0.088125, -0.069930, 0.139276;
-0.116965, 0.000000, 0.116965, -0.129321, 0.149211;
-0.116965, 0.000000, 0.116965, -0.105507, 0.176261;
-0.116965, 0.000000, 0.116965, -0.114724, 0.030263;
-0.116965, 0.000000, 0.116965, -0.092230, -0.030580;
-0.205380, 0.000000, 0.205380, -0.213356, 0.046323;
-0.235505, 0.000000, 0.235505, -0.210072, 0.366864;
-0.205380, 0.000000, 0.205380, -0.202449, 0.280470;
-0.146114, 0.000000, 0.146114, -0.114314, -0.019875;
-0.088125, 0.000000, 0.088125, -0.033393, -0.357040;
-0.088125, 0.000000, 0.088125, -0.029497, -0.346258;
-0.088125, 0.000000, 0.088125, -0.037743, 0.029648;
-0.116965, 0.000000, 0.116965, -0.126930, 0.365633;
-0.088125, 0.000000, 0.088125, -0.096451, 0.461554;
-0.116965, 0.000000, 0.116965, -0.159479, 0.125021;
-0.116965, 0.000000, 0.116965, -0.087873, -0.061268;
-0.116965, 0.000000, 0.116965, -0.085674, -0.235451;
-0.088125, 0.000000, 0.088125, -0.026661, -0.116569;
-0.088125, 0.000000, 0.088125, -0.069020, 0.016903;
-0.116965, 0.000000, 0.116965, -0.114790, 0.261998;
-0.088125, 0.000000, 0.088125, -0.086178, 0.294770;
-0.175583, 0.000000, 0.175583, -0.222624, 0.129870;
-0.235505, 0.000000, 0.235505, -0.222108, 0.254385;
-0.146114, 0.000000, 0.146114, -0.100731, 0.061697;
-0.088125, 0.000000, 0.088125, -0.049473, -0.329655;
-0.088125, 0.000000, 0.088125, -0.028741, -0.321573;
-0.088125, 0.000000, 0.088125, -0.041282, -0.008647;
-0.031375, 0.000000, 0.031375, -0.003221, 0.241528;
-0.003450, 0.000000, 0.003450, -0.020281, 0.151613;
-0.088125, 0.000000, 0.088125, -0.124561, 0.105308;
-0.088125, 0.000000, 0.088125, -0.068843, 0.185080;
-0.031375, 0.000000, 0.031375, -0.016795, -0.065798;
0.024178, 0.000000, -0.024178, 0.064684, -0.286299;
-0.031375, 0.000000, 0.031375, -0.022588, -0.247746;
-0.088125, 0.000000, 0.088125, -0.072150, 0.243805;
-0.003450, 0.000000, 0.003450, 0.006647, 0.388298;
-0.003450, 0.000000, 0.003450, -0.050094, 0.025732;
-0.059597, 0.000000, 0.059597, -0.061251, -0.066730;
-0.088125, 0.000000, 0.088125, -0.074276, -0.026898;
-0.088125, 0.000000, 0.088125, -0.070422, 0.071026;
-0.088125, 0.000000, 0.088125, -0.084198, 0.101016;
-0.088125, 0.000000, 0.088125, -0.083049, 0.092786;
-0.116965, 0.000000, 0.116965, -0.121023, 0.062113;
-0.116965, 0.000000, 0.116965, -0.098785, 0.089477;
-0.088125, 0.000000, 0.088125, -0.068582, -0.005647;
-0.116965, 0.000000, 0.116965, -0.110784, -0.046853;
-0.088125, 0.000000, 0.088125, -0.047700, 0.058528;
-0.088125, 0.000000, 0.088125, -0.086766, 0.001990;
-0.059597, 0.000000, 0.059597, -0.028487, 0.055748;
-0.003450, 0.000000, 0.003450, 0.017985, -0.087900;
0.024178, 0.000000, -0.024178, 0.047905, -0.181501;
-0.003450, 0.000000, 0.003450, 0.004520, -0.088534;
-0.059597, 0.000000, 0.059597, -0.068603, 0.205255;
-0.059597, 0.000000, 0.059597, -0.072844, 0.369293;
-0.003450, 0.000000, 0.003450, -0.012315, 0.118901;
-0.059597, 0.000000, 0.059597, -0.084353, -0.198343;
-0.088125, 0.000000, 0.088125, -0.049906, -0.065545;
-0.175583, 0.000000, 0.175583, -0.193817, 0.118714;
-0.116965, 0.000000, 0.116965, -0.074959, 0.390929;
-0.088125, 0.000000, 0.088125, -0.115370, 0.015857;
-0.175583, 0.000000, 0.175583, -0.178361, -0.036775;
-0.205380, 0.000000, 0.205380, -0.175581, 0.130857;
-0.205380, 0.000000, 0.205380, -0.191252, 0.174420;
-0.205380, 0.000000, 0.205380, -0.190120, 0.149863;
-0.116965, 0.000000, 0.116965, -0.063630, -0.021272;
-0.088125, 0.000000, 0.088125, -0.057951, -0.310743;
-0.088125, 0.000000, 0.088125, -0.031050, -0.170267;
-0.088125, 0.000000, 0.088125, -0.061487, 0.079950;
-0.088125, 0.000000, 0.088125, -0.086324, 0.295160;
-0.088125, 0.000000, 0.088125, -0.105309, 0.269995;
-0.088125, 0.000000, 0.088125, -0.093570, 0.083763;
-0.116965, 0.000000, 0.116965, -0.111161, -0.080015;
-0.088125, 0.000000, 0.088125, -0.039564, -0.078894;
-0.088125, 0.000000, 0.088125, -0.069025, -0.094462;
-0.088125, 0.000000, 0.088125, -0.059962, 0.090725;
-0.116965, 0.000000, 0.116965, -0.127221, 0.190275;
-0.088125, 0.000000, 0.088125, -0.073020, 0.230557;
-0.088125, 0.000000, 0.088125, -0.098587, -0.011930;
-0.088125, 0.000000, 0.088125, -0.058673, -0.075517;
-0.088125, 0.000000, 0.088125, -0.063734, -0.092361;
-0.088125, 0.000000, 0.088125, -0.061761, 0.036299;
-0.088125, 0.000000, 0.088125, -0.080107, 0.132331;
-0.088125, 0.000000, 0.088125, -0.086630, 0.158036;
-0.088125, 0.000000, 0.088125, -0.086802, 0.083765;
-0.088125, 0.000000, 0.088125, -0.076194, -0.005725;
-0.088125, 0.000000, 0.088125, -0.067895, -0.045081;
-0.088125, 0.000000, 0.088125, -0.066222, -0.006751;
-0.116965, 0.000000, 0.116965, -0.112319, 0.093584;
-0.175583, 0.000000, 0.175583, -0.186042, 0.264785;
-0.116965, 0.000000, 0.116965, -0.091179, 0.265788;
-0.088125, 0.000000, 0.088125, -0.089422, -0.126633;
-0.175583, 0.000000, 0.175583, -0.165024, -0.141892;
-0.235505, 0.000000, 0.235505, -0.206670, 0.213628;
-0.235505, 0.000000, 0.235505, -0.227457, 0.402143;
-0.175583, 0.000000, 0.175583, -0.159331, 0.231166;
-0.116965, 0.000000, 0.116965, -0.085833, -0.199954;
-0.116965, 0.000000, 0.116965, -0.064827, -0.379889;
-0.088125, 0.000000, 0.088125, -0.012847, -0.165102;
-0.088125, 0.000000, 0.088125, -0.067033, 0.101465;
-0.088125, 0.000000, 0.088125, -0.086859, 0.362160;
-0.116965, 0.000000, 0.116965, -0.152576, 0.326867;
